2.024804075615e+07 -1.316860407250e+07 2.141986538243e+06 5.198615532485e+05 3.415167502663e+06 4.414651219588e+06 2.415137093419e+07 3.246414954601e+06 1.570917726657e+04 2.751708063310e+04 8.765644755535e+03 -8.223576136946e+05 3.989781164353e+05 6.236739898918e+05 7.034362726310e+05 7.306118915866e+05 7.453642376058e+05 7.699935320990e+05 7.559808149429e+05 7.145487471765e+05 4.067226220769e+05 
-1.316860407250e+07 2.086007507697e+07 -6.433264362541e+06 -1.333707690844e+06 -5.209465101719e+06 -6.253742587474e+06 -3.682264640245e+07 -5.017232339081e+06 5.410256078267e+02 1.701086469624e+02 -1.734592780221e+03 -2.541741787520e+06 -2.178301788062e+06 -1.704826048720e+06 -1.549123731723e+06 -1.397546961127e+06 -1.306924945409e+06 -1.265706148084e+06 -1.177701237391e+06 -1.055614665552e+06 -5.489665897465e+05 
2.141986538243e+06 -6.433264362541e+06 2.973240399335e+06 6.130385373810e+05 1.609088487850e+06 1.707906442042e+06 1.423529010135e+07 2.036169961733e+06 1.213036976947e+03 1.686339364351e+03 -4.947511457750e+02 1.168050695418e+06 1.032385317100e+06 8.200718563845e+05 7.322336479177e+05 6.440366725061e+05 5.852552531426e+05 5.488895479401e+05 4.958518800309e+05 4.373568949718e+05 2.477798137158e+05 
5.198615532485e+05 -1.333707690844e+06 6.130385373810e+05 1.306267782800e+05 3.290874602291e+05 3.182173741564e+05 2.909639175970e+06 4.336313741972e+05 4.313600161433e+02 6.420044629388e+02 -6.229232465554e+01 1.615314468410e+05 1.755608651980e+05 1.548141568408e+05 1.479554344909e+05 1.373787842535e+05 1.306961107896e+05 1.278480243887e+05 1.203232271699e+05 1.108146549411e+05 6.616413058889e+04 
3.415167502663e+06 -5.209465101719e+06 1.609088487850e+06 3.290874602291e+05 1.340743500041e+06 1.723948061571e+06 9.393016994262e+06 1.247208149801e+06 -2.397674140442e+02 -1.577322792469e+02 5.525987817587e+02 7.689960084496e+05 5.837041993070e+05 4.350676934506e+05 3.800269871728e+05 3.351962097394e+05 3.090922212806e+05 2.967408282136e+05 2.746937484414e+05 2.452643866295e+05 1.262820953548e+05 
4.414651219588e+06 -6.253742587474e+06 1.707906442042e+06 3.182173741564e+05 1.723948061571e+06 2.798143314959e+06 1.102109585362e+07 1.254370053567e+06 -9.070090818048e+02 -9.521816817871e+02 1.160313983301e+03 1.540708740077e+06 9.229557496508e+05 5.647866965093e+05 4.095865597569e+05 3.019564660387e+05 2.332335861649e+05 1.862175814286e+05 1.401688048857e+05 9.505476532736e+04 2.212820221669e+04 
2.415137093419e+07 -3.682264640245e+07 1.423529010135e+07 2.909639175970e+06 9.393016994262e+06 1.102109585362e+07 8.128714588206e+07 1.115451273079e+07 -8.149813760929e+01 1.031225467315e+03 3.007960037481e+03 6.025685774360e+06 5.364438855377e+06 4.198507645927e+06 3.686813246569e+06 3.202955654486e+06 2.873392969846e+06 2.662052547678e+06 2.375900802449e+06 2.068929725025e+06 1.150330539352e+06 
3.246414954601e+06 -5.017232339081e+06 2.036169961733e+06 4.336313741972e+05 1.247208149801e+06 1.254370053567e+06 1.115451273079e+07 1.647812238885e+06 -1.625813103184e+03 -2.476345436740e+03 6.831583015014e+01 5.371420815430e+05 5.904053608872e+05 5.213460900678e+05 4.991592884027e+05 4.666636180073e+05 4.475594726510e+05 4.430453044265e+05 4.245077394323e+05 4.023121864801e+05 2.527405415835e+05 
1.570917726657e+04 5.410256078267e+02 1.213036976947e+03 4.313600161433e+02 -2.397674140442e+02 -9.070090818048e+02 -8.149813760929e+01 -1.625813103184e+03 3.360559050163e+03 5.347243025308e+03 4.557969055247e+02 8.933769720881e+01 -2.994400235928e+01 2.052815217288e+01 -5.366218578689e+00 -1.202574415825e+01 3.275757316598e+01 3.894931243132e+01 5.203298459865e+01 -2.320585175231e+01 -9.242045150869e+01 
2.751708063310e+04 1.701086469624e+02 1.686339364351e+03 6.420044629388e+02 -1.577322792469e+02 -9.521816817871e+02 1.031225467315e+03 -2.476345436740e+03 5.347243025308e+03 8.699576378423e+03 1.230028143251e+03 5.607665857287e+01 -3.001993127945e+01 2.117621891376e+01 -5.167941484129e+00 -7.050489889438e+00 3.535044481586e+01 4.595205176229e+01 7.901017142845e+01 -5.372481842156e+01 -1.582405354190e+02 
8.765644755535e+03 -1.734592780221e+03 -4.947511457750e+02 -6.229232465554e+01 5.525987817587e+02 1.160313983301e+03 3.007960037481e+03 6.831583015014e+01 4.557969055247e+02 1.230028143251e+03 1.414850986484e+03 -2.359611756524e+02 2.631625034827e+01 3.045396738680e+00 7.887274067365e-01 1.452552425384e+01 -4.439465900397e+01 -5.290285036660e+01 -8.369049792262e+00 -1.603915734098e+01 -4.726221919308e+01 
-8.223576136946e+05 -2.541741787520e+06 1.168050695418e+06 1.615314468410e+05 7.689960084496e+05 1.540708740077e+06 6.025685774360e+06 5.371420815430e+05 8.933769720881e+01 5.607665857287e+01 -2.359611756524e+02 3.612598584240e+06 3.737768938657e+05 7.047070117438e+03 2.751074636155e+03 4.786179271103e+02 1.533207113631e+02 7.692084039313e+01 3.170633424389e+01 3.807366256813e+00 3.333057126987e+00 
3.989781164353e+05 -2.178301788062e+06 1.032385317100e+06 1.755608651980e+05 5.837041993070e+05 9.229557496508e+05 5.364438855377e+06 5.904053608872e+05 -2.994400235928e+01 -3.001993127945e+01 2.631625034827e+01 3.737768938657e+05 2.009505665109e+06 3.637611794574e+05 8.808544417333e+03 2.388252606207e+03 3.829253444093e+02 3.761974524761e+01 1.268113412674e+01 2.238537344029e+00 1.244923262063e+00 
6.236739898918e+05 -1.704826048720e+06 8.200718563845e+05 1.548141568408e+05 4.350676934506e+05 5.647866965093e+05 4.198507645927e+06 5.213460900678e+05 2.052815217288e+01 2.117621891376e+01 3.045396738680e+00 7.047070117438e+03 3.637611794574e+05 1.220460012196e+06 3.457198947467e+05 9.608193804235e+03 2.106663397399e+03 3.561291213561e+02 3.099572905665e+01 7.021445950095e+00 6.206863002566e-01 
7.034362726310e+05 -1.549123731723e+06 7.322336479177e+05 1.479554344909e+05 3.800269871728e+05 4.095865597569e+05 3.686813246569e+06 4.991592884027e+05 -5.366218578689e+00 -5.167941484129e+00 7.887274067365e-01 2.751074636155e+03 8.808544417333e+03 3.457198947467e+05 9.416015785023e+05 3.050888046812e+05 1.154319443457e+04 2.080488225607e+03 2.327014878600e+02 2.001955456604e+01 4.835701894681e+00 
7.306118915866e+05 -1.397546961127e+06 6.440366725061e+05 1.373787842535e+05 3.351962097394e+05 3.019564660387e+05 3.202955654486e+06 4.666636180073e+05 -1.202574415825e+01 -7.050489889438e+00 1.452552425384e+01 4.786179271103e+02 2.388252606207e+03 9.608193804235e+03 3.050888046812e+05 7.492541117209e+05 2.686309174094e+05 1.118370597483e+04 1.579506149989e+03 1.405267259734e+02 1.125148176238e+01 
7.453642376058e+05 -1.306924945409e+06 5.852552531426e+05 1.306961107896e+05 3.090922212806e+05 2.332335861649e+05 2.873392969846e+06 4.475594726510e+05 3.275757316598e+01 3.535044481586e+01 -4.439465900397e+01 1.533207113631e+02 3.829253444093e+02 2.106663397399e+03 1.154319443457e+04 2.686309174094e+05 6.467561220739e+05 2.366453585862e+05 8.401638353882e+03 9.756288346462e+02 6.611476431451e+01 
7.699935320990e+05 -1.265706148084e+06 5.488895479401e+05 1.278480243887e+05 2.967408282136e+05 1.862175814286e+05 2.662052547678e+06 4.430453044265e+05 3.894931243132e+01 4.595205176229e+01 -5.290285036660e+01 7.692084039313e+01 3.761974524761e+01 3.561291213561e+02 2.080488225607e+03 1.118370597483e+04 2.366453585862e+05 6.081709442772e+05 2.020372031094e+05 6.162130331925e+03 4.428898193899e+02 
7.559808149429e+05 -1.177701237391e+06 4.958518800309e+05 1.203232271699e+05 2.746937484414e+05 1.401688048857e+05 2.375900802449e+06 4.245077394323e+05 5.203298459865e+01 7.901017142845e+01 -8.369049792262e+00 3.170633424389e+01 1.268113412674e+01 3.099572905665e+01 2.327014878600e+02 1.579506149989e+03 8.401638353882e+03 2.020372031094e+05 5.743887409253e+05 1.512122667625e+05 2.651358776238e+03 
7.145487471765e+05 -1.055614665552e+06 4.373568949718e+05 1.108146549411e+05 2.452643866295e+05 9.505476532736e+04 2.068929725025e+06 4.023121864801e+05 -2.320585175231e+01 -5.372481842156e+01 -1.603915734098e+01 3.807366256813e+00 2.238537344029e+00 7.021445950095e+00 2.001955456604e+01 1.405267259734e+02 9.756288346462e+02 6.162130331925e+03 1.512122667625e+05 5.818780893621e+05 7.312545285143e+04 
4.067226220769e+05 -5.489665897465e+05 2.477798137158e+05 6.616413058889e+04 1.262820953548e+05 2.212820221669e+04 1.150330539352e+06 2.527405415835e+05 -9.242045150869e+01 -1.582405354190e+02 -4.726221919308e+01 3.333057126987e+00 1.244923262063e+00 6.206863002566e-01 4.835701894681e+00 1.125148176238e+01 6.611476431451e+01 4.428898193899e+02 2.651358776238e+03 7.312545285143e+04 3.706793633992e+05 
