2.335120004014e-05 2.051768121396e-21 1.518599792575e-33 2.890369892325e-46 2.024408381342e-60 1.042024752421e-76 1.545774830040e-96 3.392744817953e-122 1.519555803253e-158 1.241126646988e-221 3.197668529165e-287 
2.909751241486e-03 1.999962339611e-18 4.154622262661e-30 2.091961173587e-42 4.023105956792e-56 6.232244320434e-72 3.334880828713e-91 3.607167510425e-116 1.419514136418e-151 4.389503057858e-213 4.245125634217e-277 
1.182759443929e-02 5.838830063848e-17 3.291751412966e-28 4.251086862783e-40 2.174672217233e-53 9.797525855781e-69 1.817922973645e-87 9.230256605337e-112 2.988518384735e-146 3.137972112029e-206 1.022930227697e-268 
2.826463151433e-02 9.220767984003e-16 1.365900676841e-26 4.391381258588e-38 5.796076012905e-51 7.348577364921e-66 4.551945952477e-84 1.035296814303e-107 2.588936813622e-141 8.313094869021e-200 8.235845798326e-261 
5.332513876568e-02 1.059870580120e-14 3.998993274678e-25 3.110246713408e-36 1.028550167149e-48 3.555429704407e-63 7.088555483965e-81 6.903998808369e-104 1.254735077249e-136 1.113983563854e-193 3.035856845571e-253 
8.769749029993e-02 9.809686940933e-14 9.149637553587e-24 1.674692241023e-34 1.348975295249e-46 1.233211555811e-60 7.640271201990e-78 3.051446821608e-100 3.801188795553e-132 8.468325757166e-188 5.767273033224e-246 
1.316854031280e-01 7.672613007532e-13 1.718834242383e-22 7.209858552533e-33 1.376684940170e-44 3.232210375144e-58 6.015607231426e-75 9.449508277725e-97 7.625968277406e-128 3.882800726915e-182 6.024682923002e-239 
1.852792425469e-01 5.214465512002e-12 2.728956269051e-21 2.557141713199e-31 1.127562882829e-42 6.609585741409e-56 3.576922026256e-72 2.122846935360e-93 1.051202219887e-123 1.117927827281e-176 3.615165559739e-232 
2.482419233078e-01 3.135776391909e-11 3.732702532858e-20 7.623606532820e-30 7.569773852958e-41 1.078134324057e-53 1.644104298615e-69 3.546524673850e-90 1.022637235536e-119 2.082813779207e-171 1.288242976601e-225 
3.201893274459e-01 1.690328195936e-10 4.460227343218e-19 1.938997870209e-28 4.231503085823e-39 1.426461924859e-51 5.947026041564e-67 4.491926308719e-87 7.171218349885e-116 2.572781496774e-166 2.801737487377e-219 
4.006537902608e-01 8.248265588599e-10 4.706233820170e-18 4.256521276004e-27 1.994379377353e-37 1.551599952224e-49 1.717665437298e-64 4.382361433526e-84 3.689659014199e-112 2.151064532509e-161 3.807830986510e-213 
4.891275330340e-01 3.672268321446e-09 4.423538925218e-17 8.142288777608e-26 8.008316296615e-36 1.403279853915e-47 4.010620554229e-62 3.338513431935e-81 1.414412118126e-108 1.239699800515e-156 3.302825913088e-207 
5.850887441195e-01 1.501474050465e-08 3.731145754722e-16 1.368325260891e-24 2.764275018033e-34 1.065654857004e-45 7.652709086060e-60 2.010004588558e-78 4.095532354481e-105 5.006415196627e-152 1.863615510113e-201 
6.880156799580e-01 5.669302954121e-08 2.842202905645e-15 2.034574217202e-23 8.267080246813e-33 6.854583778882e-44 1.204893962292e-57 9.668289064048e-76 9.069572729744e-102 1.438194305333e-147 6.962141974130e-196 
7.973942001793e-01 1.986457761867e-07 1.966298482964e-14 2.693713836134e-22 2.157376429393e-31 3.764042937565e-42 1.579160478099e-55 3.752435200284e-73 1.553696465643e-98 2.980141902826e-143 1.750517386814e-190 
9.127226507832e-01 6.486948706698e-07 1.241695350769e-13 3.193821297658e-21 4.944199171630e-30 1.777298577806e-40 1.736805274018e-53 1.185930431010e-70 2.080896645847e-95 4.512620452733e-139 3.008143035991e-185 
1.033516051755e+00 1.981984702246e-06 7.190192050951e-13 3.408979458452e-20 1.000986971923e-28 7.264082564139e-39 1.614989926065e-51 3.078096499620e-68 2.200587417285e-92 5.054638983191e-135 3.584436604015e-180 
1.159309878279e+00 5.685844520043e-06 3.833972995067e-12 3.291459628458e-19 1.800111779744e-27 2.585797874473e-37 1.278527724098e-49 6.613624757535e-66 1.854671198713e-89 4.236567836546e-131 3.002417406419e-175 
1.289662662191e+00 1.536510227763e-05 1.889840817268e-11 2.887674611871e-18 2.890166478246e-26 8.063166742587e-36 8.673820263573e-48 1.185171409654e-63 1.256726080743e-86 2.686108450427e-127 1.790923696576e-170 
1.424156143487e+00 3.923078579607e-05 8.642407787525e-11 2.311632450167e-17 4.162661709015e-25 2.214443288542e-34 5.073899663096e-46 1.783910744048e-61 6.903323906388e-84 1.301657774047e-123 7.701690558414e-166 
1.562391542115e+00 9.490395746133e-05 3.679087976291e-10 1.695123903333e-16 5.402467548976e-24 5.383762072349e-33 2.574106857366e-44 2.270472071055e-59 3.098356534566e-81 4.868441445735e-120 2.415947446667e-161 
1.703980449449e+00 2.180938289442e-04 1.462558122455e-09 1.142869097246e-15 6.344868350783e-23 1.164291787944e-31 1.138811512082e-42 2.459014022039e-57 1.144724564287e-78 1.418581627998e-116 5.590270351785e-157 
1.848528715093e+00 4.772775216377e-04 5.445582810697e-09 7.109081001806e-15 6.770155633511e-22 2.249955781517e-30 4.416541625548e-41 2.279927511749e-55 3.506316342570e-76 3.249017634698e-113 9.643893945142e-153 
1.995611559663e+00 9.969481828162e-04 1.904372335552e-08 4.093359179304e-14 6.588174758695e-21 3.902137221433e-29 1.508933236252e-39 1.820049266413e-53 8.964384320269e-74 5.898875729207e-110 1.253055593630e-148 
2.144738182833e+00 1.992043272536e-03 6.271735350384e-08 2.188508953756e-13 5.867905817093e-20 6.098662465716e-28 4.563131706832e-38 1.257815632628e-51 1.925364124666e-71 8.559088968243e-107 1.238275378024e-144 
2.295304675109e+00 3.815493119288e-03 1.950041929207e-07 1.089689834654e-12 4.799950480379e-19 8.623253273360e-27 1.226910535946e-36 7.564551065784e-50 3.495473371097e-69 1.000217688801e-103 9.393817736937e-141 
2.446535394913e+00 7.019152101953e-03 5.737958790727e-07 5.067155996797e-12 3.617750508764e-18 1.107218037102e-25 2.945652360421e-35 3.978692211139e-48 5.395844122286e-67 9.484030812399e-101 5.519793981026e-137 
2.597415304083e+00 1.242556690606e-02 1.601453151936e-06 2.206452116121e-11 2.520199718001e-17 1.295588304144e-24 6.340837105820e-34 1.838872989450e-46 7.122322832690e-65 7.348675674852e-98 2.533819743913e-133 
2.746618941453e+00 2.120427439409e-02 4.248674622963e-06 9.019887279282e-11 1.627459223942e-16 1.386274894453e-23 1.228590848551e-32 7.502237139365e-45 8.082335224925e-63 4.684899861673e-95 9.161447528754e-130 
2.892445265042e+00 3.494216403010e-02 1.073669347872e-05 3.470089824626e-10 9.769907563400e-16 1.360790714699e-22 2.150743299144e-31 2.713603900022e-43 7.925934350953e-61 2.473444599675e-92 2.629702802837e-126 
3.032770678531e+00 5.569379908563e-02 2.589525802081e-05 1.259280152277e-09 5.466986138158e-15 1.229256706499e-21 3.413860972284e-30 8.738319823056e-42 6.750170240334e-59 1.088265349540e-89 6.037883920476e-123 
3.165034165992e+00 8.599556807297e-02 5.971993167054e-05 4.320265415272e-09 2.858930161305e-14 1.024931310313e-20 4.930245664834e-29 2.515179882539e-40 5.016416638887e-57 4.014290139187e-87 1.116990031297e-119 
3.286267666012e+00 1.288281402741e-01 1.319316259549e-04 1.404194838190e-08 1.400650861380e-13 7.910151410421e-20 6.499562037844e-28 6.495794229568e-39 3.267889737675e-55 1.248621175595e-84 1.676591466147e-116 
3.393181092862e+00 1.875155162503e-01 2.796770669583e-04 4.332675287914e-08 6.443981478216e-13 5.666278394563e-19 7.846227174006e-27 1.510818799684e-37 1.874290906590e-53 3.293126607045e-82 2.055548119284e-113 
3.482304871678e+00 2.655559085849e-01 5.698485776318e-04 1.271576369491e-07 2.790365182408e-12 3.777203214521e-18 8.699845749150e-26 3.175704206755e-36 9.504468731734e-52 7.403818292174e-80 2.071797025602e-110 
3.550184347347e+00 3.663889033500e-01 1.117746828814e-03 3.556287238542e-07 1.139708696857e-11 2.349048473465e-17 8.885784941877e-25 6.053198347887e-35 4.278520536235e-50 1.426254230572e-77 1.727331208814e-107 
3.593611425716e+00 4.931133396684e-01 2.113817350911e-03 9.495035016842e-07 4.400053186714e-11 1.366182216579e-16 8.383454199630e-24 1.049684144917e-33 1.716404759365e-48 2.365761665605e-75 1.198396506668e-104 
3.609871096113e+00 6.481792861818e-01 3.859789431263e-03 2.424306109017e-06 1.608873560900e-10 7.447736959125e-16 7.325794082768e-23 1.661184018341e-32 6.159230420117e-47 3.394966816246e-73 6.958445280800e-102 
3.596975737899e+00 8.330836862163e-01 6.814575054870e-03 5.929054250299e-06 5.582385854944e-10 3.814199303725e-15 5.944385844033e-22 2.406390940878e-31 1.984139388774e-45 4.234192764099e-71 3.400227440875e-99 
3.553859470165e+00 1.048101507295e+00 1.164865490812e-02 1.391163204894e-05 1.841419915471e-09 1.838960027928e-14 4.490064538403e-21 3.200057930139e-30 5.757793518028e-44 4.609801632392e-69 1.405711795374e-96 
3.480508577625e+00 1.292082169031e+00 1.930342844197e-02 3.136361548614e-05 5.784830833115e-09 8.364145444772e-14 3.164629969780e-20 3.917408355430e-29 1.510152934981e-42 4.399522908628e-67 4.941978055811e-94 
3.378011647143e+00 1.562335068901e+00 3.104935543403e-02 6.804005030251e-05 1.733697590613e-08 3.595899119624e-13 2.085980020321e-19 4.426390922711e-28 3.591332180209e-41 3.695798298981e-65 1.484786557382e-91 
3.248523128228e+00 1.854619269899e+00 4.853407910982e-02 1.422342875944e-04 4.964923211165e-08 1.464042397295e-12 1.288750217670e-18 4.628365756581e-27 7.767788690773e-40 2.743425811384e-63 3.830458843645e-89 
3.095144801781e+00 2.163242296030e+00 7.380965900743e-02 2.869013572931e-04 1.360795513984e-07 5.655258827525e-12 7.478551059593e-18 4.489604420398e-26 1.532620304527e-38 1.806348630917e-61 8.524162539179e-87 
2.921739287121e+00 2.481262937987e+00 1.093271744921e-01 5.591325629656e-04 3.574976739150e-07 2.076188240074e-11 4.084517462555e-17 4.049736715665e-25 2.766356840654e-37 1.058803247338e-59 1.643562679828e-84 
2.732696766432e+00 2.800784158612e+00 1.578878252038e-01 1.054131723241e-03 9.015460049702e-07 7.256559099017e-11 2.103731990573e-16 3.404721955925e-24 4.580515591041e-36 5.544464256991e-58 2.757438422882e-82 
2.532679692586e+00 3.113315336899e+00 2.225425627902e-01 1.924848739045e-03 2.185484512063e-06 2.418531711307e-10 1.023733572525e-15 2.673832457456e-23 6.975993545012e-35 2.602589027587e-56 4.042001831700e-80 
2.326370207314e+00 3.410178506701e+00 3.064372031163e-01 3.408192982989e-03 5.099659491912e-06 7.698591270298e-10 4.715426647398e-15 1.965672618006e-22 9.797044002397e-34 1.098682897397e-54 5.197349439357e-78 
2.118241805128e+00 3.682930919685e+00 4.126064548637e-01 5.858185185818e-03 1.146925612573e-05 2.344044304154e-09 2.059465847570e-14 1.355520717529e-21 1.271901747646e-32 4.184361256527e-53 5.884718629627e-76 
1.912371357547e+00 3.923776009405e+00 5.437275583320e-01 9.785451012086e-03 2.489295665589e-05 6.836730183182e-09 8.543236497504e-14 8.785789020930e-21 1.530086418911e-31 1.442107205546e-51 5.888897736920e-74 
1.712301091179e+00 4.125936427282e+00 7.018512090332e-01 1.590111405234e-02 5.220255898101e-05 1.912799751871e-08 3.371576245847e-13 5.362485982918e-20 1.709544205818e-30 4.510796413501e-50 5.227064295547e-72 
1.520953588323e+00 4.283966052735e+00 8.881330284773e-01 2.516150249967e-02 1.058983778606e-04 5.140646444996e-08 1.267855246157e-12 3.087907416139e-19 1.777910874832e-29 1.284186275313e-48 4.129478932647e-70 
1.340597230298e+00 4.393982550669e+00 1.102592058500e+00 3.880833857271e-02 2.080458866750e-04 1.328804606161e-07 4.549795456862e-12 1.680540388703e-18 1.724784510644e-28 3.336657286578e-47 2.913355657613e-68 
1.172855293104e+00 4.453807921119e+00 1.343922930506e+00 5.839752489817e-02 3.962543825791e-04 3.307865386086e-07 1.560400040149e-11 8.658989817559e-18 1.564057893587e-27 7.933286930482e-46 1.841412402768e-66 
1.018749354882e+00 4.463011217519e+00 1.609385269725e+00 8.580863024951e-02 7.324708218937e-04 7.939752903892e-07 5.121724528147e-11 4.230973683676e-17 1.328406912344e-26 1.730465954760e-44 1.045970751379e-64 
8.787667143715e-01 4.422854727401e+00 1.894787788242e+00 1.232270614810e-01 1.315370460972e-03 1.839710668141e-06 1.611112315505e-10 1.963652968240e-16 1.058784213416e-25 3.471477364249e-43 5.355567883484e-63 
7.529418715337e-01 4.336151822170e+00 2.194576086006e+00 1.730919678190e-01 2.297058993630e-03 4.119731420416e-06 4.863373574703e-10 8.669882995847e-16 7.933981909928e-25 6.420135547123e-42 2.478976213726e-61 
6.409433996228e-01 4.207050751643e+00 2.502023425759e+00 2.380052871423e-01 3.904563435423e-03 8.925690390202e-06 1.410603895753e-09 3.647000308479e-15 5.599697475859e-24 1.097123187317e-40 1.040259714875e-59 
5.421593371678e-01 4.040763295575e+00 2.809513850727e+00 3.206009351025e-01 6.466134317647e-03 1.872961665523e-05 3.936071007152e-09 1.463728521162e-14 3.728924556207e-23 1.736271253855e-39 3.968218277340e-58 
4.557761912293e-01 3.843259952051e+00 3.108898141722e+00 4.233776528338e-01 1.044168666625e-02 3.810441432571e-05 1.057859581858e-08 5.612993501162e-14 2.346817157625e-22 2.550166622087e-38 1.379675609750e-56 
3.808484987059e-01 3.620954034754e+00 3.391896267225e+00 5.485039572472e-01 1.645578814313e-02 7.523351640477e-05 2.741574480873e-08 2.059324223499e-13 1.398164772877e-21 3.483497831028e-37 4.383211214647e-55 
3.163574679187e-01 3.380395724269e+00 3.650515883654e+00 6.976083277287e-01 2.533052811324e-02 1.442956262533e-04 6.859021633658e-08 7.238000786753e-13 7.897770546134e-21 4.434414590680e-36 1.275594130481e-53 
2.612584372187e-01 3.127994074422e+00 3.877455449276e+00 8.715715191901e-01 3.811449655728e-02 2.690934002707e-04 1.658371129288e-07 2.440198313380e-12 4.236225008450e-20 5.270844854243e-35 3.408582382274e-52 
2.145177321480e-01 2.869780700249e+00 4.066462598625e+00 1.070340088544e+00 5.610314187387e-02 4.883712750029e-04 3.878920124005e-07 7.900875074541e-12 2.160835518133e-19 5.860970282851e-34 8.382619181992e-51 
1.751400174091e-01 2.611223953914e+00 4.212623206832e+00 1.292780411848e+00 8.084516672494e-02 8.633178680598e-04 8.785915113846e-07 2.459702593304e-11 1.049667525646e-18 6.108014596382e-33 1.901525153642e-49 
1.421874898232e-01 2.357097416928e+00 4.312563396797e+00 1.536590462938e+00 1.141295640639e-01 1.487746604810e-03 1.929006503402e-06 7.371307551804e-11 4.862599258384e-18 5.976439338544e-32 3.987328013966e-48 
1.147923161172e-01 2.111402011424e+00 4.364554769009e+00 1.798282529448e+00 1.579485529316e-01 2.501364695502e-03 4.109233984426e-06 2.128836284926e-10 2.151057605346e-17 5.499752849674e-31 7.745172606456e-47 
9.216365200931e-02 1.877337334928e+00 4.368521460901e+00 2.073244255946e+00 2.144331265968e-01 4.106346365776e-03 8.500912262402e-06 5.931188804694e-10 9.098382829929e-17 4.767875459669e-30 1.396473813756e-45 
7.359044165714e-02 1.657315165741e+00 4.325955414250e+00 2.355878557995e+00 2.857601439909e-01 6.587099848825e-03 1.709354713259e-05 1.595857844283e-09 3.684249257524e-16 3.900209916733e-29 2.341763362245e-44 
5.844102947312e-02 1.453006524944e+00 4.239752732229e+00 2.639815821387e+00 3.740327230825e-01 1.033265287765e-02 3.343746609033e-05 4.150846393565e-09 1.429991267838e-15 3.015163907107e-28 3.659243588292e-43 
4.616044617599e-02 1.265413138452e+00 4.113988740688e+00 2.918185198608e+00 4.811388565063e-01 1.586049482762e-02 6.368394827867e-05 1.044702225937e-08 5.326327276515e-15 2.206232460544e-27 5.338040962455e-42 
3.626607290398e-02 1.094954446640e+00 3.953652075119e+00 3.183926474939e+00 6.085962995705e-01 2.384004982287e-02 1.181875915893e-04 2.546666279726e-08 1.906018195332e-14 1.530193415116e-26 7.282733219651e-41 
2.834224821335e-02 9.415622371452e-01 3.764358785462e+00 3.430120464392e+00 7.573944700784e-01 3.511328771690e-02 2.138937840456e-04 6.018286219739e-08 6.560098250955e-14 1.007427763004e-25 9.308609705188e-40 
2.203426443044e-02 8.047762941221e-01 3.552066289759e+00 3.650314539166e+00 9.278459558181e-01 5.070940716327e-02 3.777788010637e-04 1.380004102632e-07 2.173914250561e-13 6.304534658067e-25 1.116571027694e-38 
1.704210080939e-02 6.838359495134e-01 3.322804380503e+00 3.838820758645e+00 1.119460933380e+00 7.185015923860e-02 6.516417882853e-04 3.073041319872e-07 6.943424315961e-13 3.755299328360e-24 1.258954928740e-37 
1.311415873333e-02 5.777639130080e-01 3.082436855559e+00 3.990966951358e+00 1.330857173643e+00 9.994233148839e-02 1.098553827006e-03 6.651190279536e-07 2.139641539609e-12 2.131826462661e-23 1.336430083170e-36 
1.004119606429e-02 4.854401200366e-01 2.836463198153e+00 4.103285607800e+00 1.559716318810e+00 1.365542698794e-01 1.811234426064e-03 1.400312304707e-06 6.367485295379e-12 1.154838835412e-22 1.337716151922e-35 
7.650601320479e-03 4.056644930581e-01 2.589865525745e+00 4.173631007467e+00 1.802793908650e+00 1.833741286568e-01 2.922535005671e-03 2.870028114619e-06 1.831746506419e-11 5.977001002881e-22 1.264483025245e-34 
5.801101776699e-03 3.372084250770e-01 2.347002147306e+00 4.201221005436e+00 2.055986510376e+00 2.421487983850e-01 4.618049813279e-03 5.730786042433e-06 5.098376358396e-11 2.959048852314e-21 1.130378434420e-33 
4.377961460426e-03 2.788554639988e-01 2.111545790326e+00 4.186605728943e+00 2.314454685853e+00 3.146040991687e-01 7.150640995405e-03 1.115656294815e-05 1.374213725689e-10 1.402901075452e-20 9.569926669107e-33 
3.288694320043e-03 2.294321233466e-01 1.886462047262e+00 4.131570550270e+00 2.572795892697e+00 4.023487048233e-01 1.085635970771e-02 2.119077646123e-05 3.590111172920e-10 6.376650967209e-20 7.683541994417e-32 
2.459293748611e-03 1.878300036292e-01 1.674021903043e+00 4.038984708623e+00 2.825257244739e+00 5.067661986538e-01 1.617088521697e-02 3.929765043111e-05 9.098233439120e-10 2.781757955706e-19 5.858135824611e-31 
1.830961428098e-03 1.530205191536e-01 1.475841307648e+00 3.912609611158e+00 3.065974775442e+00 6.289014357215e-01 2.364521893865e-02 7.120064559416e-05 2.238491885210e-09 1.165906838400e-18 4.246810265043e-30 
1.357305407557e-03 1.240635266120e-01 1.292940551130e+00 3.756882078380e+00 3.289223769537e+00 7.693487796739e-01 3.395900346583e-02 1.261202769313e-04 5.351144670351e-09 4.699695049665e-18 2.931001142939e-29 
1.001968727036e-03 1.001110793686e-01 1.125816543064e+00 3.576687689401e+00 3.489664025896e+00 9.281506000288e-01 4.792954094349e-02 2.185483256497e-04 1.243838879955e-08 1.823759423957e-17 1.928179777210e-28 
7.366450188333e-04 8.040741391853e-02 9.745218379585e-01 3.377138125223e+00 3.662564606159e+00 1.104714517471e+00 6.651441769422e-02 3.707164072716e-04 2.813402196981e-08 6.819865902566e-17 1.210517649663e-27 
5.394356381942e-04 6.428613474724e-02 8.387452299189e-01 3.163364280902e+00 3.803994579305e+00 1.297757204064e+00 9.080565606722e-02 6.159288680600e-04 6.196758097089e-08 2.459806678618e-16 7.260824047562e-27 
3.935033091329e-04 5.116541685828e-02 7.178898287709e-01 2.940334235337e+00 3.910969240438e+00 1.505281102168e+00 1.220135507882e-01 1.002926648989e-03 1.330050567467e-07 8.565207180430e-16 4.165593984658e-26 
2.859793885827e-04 4.054190234844e-02 6.111456168710e-01 2.712702244198e+00 3.981544926138e+00 1.724588326219e+00 1.614388255861e-01 1.601423069224e-03 2.783812105172e-07 2.881842671118e-15 2.288314176257e-25 
2.070851023551e-04 3.198383522640e-02 5.175544914974e-01 2.484692037635e+00 4.014859492731e+00 1.952333436074e+00 2.104324594313e-01 2.508897766988e-03 5.685501915257e-07 9.377155500934e-15 1.204925908944e-24 
1.494310273665e-04 2.512386073265e-02 4.360666710541e-01 2.260015084872e+00 4.011119395643e+00 2.184613954138e+00 2.703434430668e-01 3.858646221445e-03 1.133798253458e-06 2.953268586483e-14 6.087746625906e-24 
1.074633168961e-04 1.965181312697e-02 3.655880585476e-01 2.041822290988e+00 3.971537779560e+00 2.417094702432e+00 3.424557692107e-01 5.828957327794e-03 2.209093320155e-06 9.009862888937e-14 2.954184131435e-23 
7.702940879817e-05 1.530772926534e-02 3.050187071632e-01 1.832685906555e+00 3.898230805199e+00 2.645159518577e+00 4.279170435347e-01 8.653132799807e-03 4.207938681356e-06 2.664768549469e-13 1.378239286888e-22 
5.504002055856e-05 1.187525344810e-02 2.532829289967e-01 1.634607285197e+00 3.794081434606e+00 2.864081898159e+00 5.276621230829e-01 1.262987761548e-02 7.840799554560e-06 7.646454422477e-13 6.187675382574e-22 
3.920798861008e-05 9.175540682434e-03 2.093518471503e-01 1.449045492527e+00 3.662581004387e+00 3.069204776720e+00 6.423360357904e-01 1.813339413939e-02 1.430008099905e-05 2.130316323104e-12 2.675745672641e-21 
2.784787709119e-05 7.061719156645e-03 1.722593362890e-01 1.276961589863e+00 3.507659155927e+00 3.256119108180e+00 7.722210103306e-01 2.562232334126e-02 2.554163594387e-05 5.766691309283e-12 1.115486487045e-20 
1.972323115918e-05 5.413936809236e-03 1.411123515839e-01 1.118873601809e+00 3.333512159108e+00 3.420831140034e+00 9.171726723957e-01 3.564651825137e-02 4.470224922420e-05 1.517800211757e-11 4.487074119921e-20 
1.393088149335e-05 4.134989873714e-03 1.150966338256e-01 9.749176328685e-01 3.144438510729e+00 3.559909275523e+00 1.076570295732e+00 4.885053286095e-02 7.670304724064e-05 3.886925357812e-11 1.743045584273e-19 
9.813840695592e-06 3.146511758945e-03 9.347871988417e-02 8.449112303690e-01 2.944689091488e+00 3.670603029748e+00 1.249285425291e+00 6.597268826704e-02 1.290994881912e-04 9.691518953080e-11 6.544223255781e-19 
6.896103163750e-06 2.385687271810e-03 7.560509977524e-02 7.284158140657e-01 2.738337315463e+00 3.750928662215e+00 1.433672246372e+00 8.783865647067e-02 2.132481809609e-04 2.354258566618e-10 2.376616400589e-18 
4.834108888981e-06 1.802448818630e-03 6.089925798664e-02 6.247957360186e-01 2.529172782428e+00 3.799718405720e+00 1.627581824620e+00 1.153486923572e-01 3.458674452283e-04 5.575299678822e-10 8.355072484935e-18 
3.380802018428e-06 1.357106783535e-03 4.885722769783e-02 5.332722433853e-01 2.320620100195e+00 3.816632607202e+00 1.828400883968e+00 1.494579468368e-01 5.510699961497e-04 1.287958366415e-09 2.845516345878e-17 
2.359149521051e-06 1.018364858911e-03 3.904217940763e-02 4.529712540034e-01 2.115682901028e+00 3.802136359326e+00 2.033114239344e+00 1.911496975154e-01 8.629398555481e-04 2.904127898016e-09 9.395341877171e-17 
1.642723521553e-06 7.616719103025e-04 3.107846515053e-02 3.829643976085e-01 1.916911714228e+00 3.757444171321e+00 2.238388482647e+00 2.414018139588e-01 1.328708973361e-03 6.395343634112e-09 3.009658609413e-16 
1.141528338030e-06 5.678643367583e-04 2.464544886701e-02 3.223032146045e-01 1.726393319638e+00 3.684437783985e+00 2.440673154508e+00 3.011472981949e-01 2.012559851760e-03 1.376238096058e-08 9.360076194872e-16 
7.917008827205e-07 4.220562973048e-04 1.947137407363e-02 2.700467397444e-01 1.545758503289e+00 3.585563304581e+00 2.636314525543e+00 3.712302654652e-01 3.000037262864e-03 2.895647668729e-08 2.828104732512e-15 
5.480571333948e-07 3.127391830778e-04 1.532745217406e-02 2.252829372286e-01 1.376204748743e+00 3.463714398311e+00 2.821676340045e+00 4.523592095982e-01 4.402994778077e-03 5.960120120406e-08 8.307193824419e-15 
3.787197424567e-07 2.310559882556e-04 1.202229825750e-02 1.871446083296e-01 1.218530287660e+00 3.322108343924e+00 2.993261492101e+00 5.450597871154e-01 6.364931824804e-03 1.200743244446e-07 2.373762772466e-14 
2.612604465653e-07 1.702205214697e-04 9.396795275368e-03 1.548204767026e-01 1.073176050211e+00 3.164161397818e+00 3.147828625717e+00 6.496296154557e-01 9.066497895305e-03 2.368939683538e-07 6.602654330971e-14 
1.799402329791e-07 1.250555252097e-04 7.319431031299e-03 1.275621845655e-01 9.402723443003e-01 2.993369196032e+00 3.282498059689e+00 7.660976846536e-01 1.273085797159e-02 4.579138637803e-07 1.788814284278e-13 
1.237417234888e-07 9.162761561907e-05 5.682124293740e-03 1.046879187824e-01 8.196874965436e-01 2.813196954340e+00 3.394842188643e+00 8.941909125177e-01 1.762853469672e-02 8.676634033159e-07 4.723215748873e-13 
8.497101115334e-08 6.696044833173e-05 4.396535346805e-03 8.558334197492e-02 7.110761566114e-01 2.626983105497e+00 3.482956533481e+00 1.033310129454e+00 2.408127718180e-02 1.612363395651e-06 1.216157892952e-12 
5.826727975425e-08 4.881062369060e-05 3.390841272491e-03 6.970044068890e-02 6.139254566200e-01 2.437858837234e+00 3.545508821274e+00 1.182517373760e+00 3.246446301409e-02 2.939815501772e-06 3.055408065635e-12 
3.990338556265e-08 3.549356020799e-05 2.606946123801e-03 5.655482893160e-02 5.275976941327e-01 2.248684850734e+00 3.581764772168e+00 1.340535837780e+00 4.320752797332e-02 5.261615122204e-06 7.494053591246e-12 
2.729333736733e-08 2.574890110533e-05 1.998089927030e-03 4.572196773036e-02 4.513686459974e-01 2.062005616153e+00 3.591590565493e+00 1.505763166478e+00 5.679194448194e-02 9.248077843410e-06 1.795427654599e-11 
1.864641939346e-08 1.863700056676e-05 1.526817281500e-03 3.683268464746e-02 3.844610042476e-01 1.880020509237e+00 3.575433163185e+00 1.676298116484e+00 7.374633946294e-02 1.596997173957e-05 4.203895975680e-11 
1.272492809402e-08 1.345969682544e-05 1.163265465658e-03 2.956830482412e-02 3.260727459478e-01 1.704570501517e+00 3.534280714308e+00 1.849979882116e+00 9.463845590809e-02 2.710562577867e-05 9.624821362442e-11 
8.674903946168e-09 9.699954811954e-06 8.837327854618e-04 2.365563928085e-02 2.754005036990e-01 1.537138558010e+00 3.469606096277e+00 2.024438731246e+00 1.200638166367e-01 4.523715783071e-05 2.155799145239e-10 
5.908143419107e-09 6.976088959747e-06 6.694899001592e-04 1.886201805956e-02 2.316581948471e-01 1.378861567409e+00 3.383297233609e+00 2.197156009575e+00 1.506311355977e-01 7.426522125316e-05 4.726195839921e-10 
4.020140092018e-09 5.007192716891e-06 5.057996173118e-04 1.499050580119e-02 1.940913008231e-01 1.230551474625e+00 3.277578161359e+00 2.365531101359e+00 1.869447297598e-01 1.199774245687e-04 1.014636898573e-09 
2.733135561667e-09 3.587138620665e-06 3.811138378288e-04 1.187539542681e-02 1.619872711073e-01 1.092723280241e+00 3.154924875090e+00 2.526952603046e+00 2.295843981448e-01 1.908108551687e-04 2.134065775398e-09 
1.856676593309e-09 2.565101429669e-06 2.864197041049e-04 9.378041278502e-03 1.346825675720e-01 9.656276867041e-01 3.017979855687e+00 2.678870788566e+00 2.790834371019e-01 2.988531479936e-04 4.399476151759e-09 
1.260349527291e-09 1.831023153305e-06 2.147103768497e-04 7.383065702925e-03 1.115668730877e-01 8.492863762411e-01 2.869468811796e+00 2.818868425612e+00 3.359056355331e-01 4.611283028374e-04 8.893715199876e-09 
8.549667565946e-10 1.304805623978e-06 1.605591095321e-04 5.794951823946e-03 9.208497146390e-02 7.435281703342e-01 2.712122689305e+00 2.944727135505e+00 4.004222250314e-01 7.012118423813e-04 1.763774308725e-08 
5.796076086077e-10 9.283028216915e-07 1.197783179444e-04 4.535019305772e-03 7.573677138178e-02 6.480246180522e-01 2.548607404462e+00 3.054486760653e+00 4.728898354923e-01 1.051213730092e-03 3.432925190751e-08 
3.927064282742e-10 6.594076130962e-07 8.914810506938e-05 3.538768417679e-03 6.207590123908e-02 5.623238672028e-01 2.381463112792e+00 3.146495591381e+00 5.534305188228e-01 1.554155609382e-03 6.560347515196e-08 
2.659333613157e-10 4.676992143343e-07 6.620117334208e-05 2.753569886257e-03 5.070724992828e-02 4.858819696558e-01 2.213054174428e+00 3.219449780815e+00 6.420148492674e-01 2.266750480298e-03 1.231419305601e-07 
1.799988236093e-10 3.312493807104e-07 4.905323217856e-05 2.136673140998e-03 4.128377455094e-02 4.180910464598e-01 2.045530356096e+00 3.272420811995e+00 7.384489914627e-01 3.262567392575e-03 2.271292191907e-07 
1.217808674519e-10 2.342858231439e-07 3.626989666307e-05 1.653502986281e-03 3.350284296117e-02 3.583039803440e-01 1.880799251071e+00 3.304870443657e+00 8.423664546897e-01 4.635531175279e-03 4.118085382561e-07 
8.236086898377e-11 1.654876511051e-07 2.676269108967e-05 1.276213916181e-03 2.710232896777e-02 3.058555076805e-01 1.720509422740e+00 3.316653119069e+00 9.532250363132e-01 6.503668445404e-03 7.342373298720e-07 
5.568196430291e-11 1.167452904006e-07 1.970814174966e-05 9.824717630238e-04 2.185663239432e-02 2.600797472071e-01 1.566043397956e+00 3.308006347291e+00 1.070309214568e+00 9.012967779088e-03 1.287822717962e-06 
3.763385202809e-11 8.226068098529e-08 1.448509285161e-05 7.544337518294e-04 1.757275578079e-02 2.203243296309e-01 1.418519358027e+00 3.279530033575e+00 1.192737997713e+00 1.234117649389e-02 2.222850703268e-06 
2.542912736073e-11 5.789602581927e-08 1.062633446646e-05 5.779000108707e-04 1.408653462430e-02 1.859613834260e-01 1.278800196081e+00 3.232156125787e+00 1.319477990130e+00 1.670131228388e-02 3.777040486278e-06 
1.717870840015e-11 4.070357152000e-08 7.781417993440e-06 4.416119190130e-04 1.125908866561e-02 1.563956917545e-01 1.147508522004e+00 3.167110242804e+00 1.449361211651e+00 2.234462890490e-02 6.320176678314e-06 
1.160306957549e-11 2.858688344808e-08 5.688177373947e-06 3.366751658700e-04 8.973537555478e-03 1.310703681948e-01 1.025046188724e+00 3.085867151342e+00 1.581107016982e+00 2.956274551162e-02 1.041810639539e-05 
7.836013407370e-12 2.005738377370e-08 4.150995553946e-06 2.560879217816e-04 7.132004845057e-03 1.094704098239e-01 9.116169722200e-01 2.990102057725e+00 1.713347316619e+00 3.868863337552e-02 1.692282478050e-05 
5.291433814573e-12 1.405973168281e-08 3.024275523650e-06 1.943569616417e-04 5.652919112441e-03 9.112448000555e-02 8.072511471352e-01 2.881639684928e+00 1.844654204135e+00 5.009615540497e-02 2.709697322087e-05 
3.572917870718e-12 9.846833689429e-09 2.199911180840e-06 1.471868923947e-04 4.468609598220e-03 7.560525445418e-02 7.118308452255e-01 2.762403021448e+00 1.973569048142e+00 6.419787611239e-02 4.278276529003e-05 
2.412455030974e-12 6.890551808530e-09 1.597820389729e-06 1.112297567313e-04 3.523185413178e-03 6.252863673995e-02 6.251152509804e-01 2.634363469881e+00 2.098632107941e+00 8.144090412168e-02 6.662701880433e-05 
1.628907941553e-12 4.818032318826e-09 1.158813795309e-06 8.388420289795e-05 2.770681662266e-03 5.155211671792e-02 5.467648651719e-01 2.499493904940e+00 2.218411774145e+00 1.023005960693e-01 1.023754427122e-04 
1.099889640459e-12 3.366384194207e-09 8.392389998689e-07 6.313511497356e-05 2.173452206291e-03 4.237251015198e-02 4.763642424765e-01 2.359725889844e+00 2.331532611752e+00 1.272720381198e-01 1.552503902783e-04 
7.427294289448e-13 2.350473497828e-09 6.069695831104e-07 4.742609238925e-05 1.700786814572e-03 3.472328219778e-02 4.134427754951e-01 2.216912013902e+00 2.436701484432e+00 1.568593257527e-01 2.324266867103e-04 
5.015963457068e-13 1.640074938985e-09 4.384095274933e-07 3.555846198398e-05 1.327729764033e-03 2.837162300555e-02 3.574932485427e-01 2.072794019258e+00 2.532731156085e+00 1.915627787503e-01 3.436195797418e-04 
3.387920014686e-13 1.143686863851e-09 3.162619104966e-07 2.661161523490e-05 1.034077186125e-03 2.311541162065e-02 3.079880166454e-01 1.928977096215e+00 2.618560890751e+00 2.318643498213e-01 5.017970437343e-04 
2.288650203026e-13 7.970831916622e-10 2.278711079664e-07 1.988040475647e-05 8.035313812972e-04 1.878017531074e-02 2.643927762036e-01 1.786910457118e+00 2.693273697363e+00 2.782116045044e-01 7.240253058342e-04 
1.546340805651e-13 5.552272159503e-10 1.639941193527e-07 1.482612609730e-05 6.229916906062e-04 1.521612581912e-02 2.261779832699e-01 1.647874058596e+00 2.756109986155e+00 3.310007590367e-01 1.032451321776e-03 
1.045014193123e-13 3.865676032049e-10 1.178920850725e-07 1.103827162564e-05 4.819631602334e-04 1.229533196788e-02 1.928280440002e-01 1.512971138261e+00 2.806477514683e+00 3.905593541461e-01 1.455418864285e-03 
7.063852381078e-14 2.690198716743e-10 8.466007915217e-08 8.204790479829e-06 3.720660212157e-04 9.909069449234e-03 1.638484511422e-01 1.383126069148e+00 2.843957601233e+00 4.571292095252e-01 2.028705883965e-03 
4.776110947082e-14 1.871386997540e-10 6.073376248834e-08 6.089038533116e-06 2.866308314617e-04 7.965373358569e-03 1.387710725618e-01 1.259086914790e+00 2.868307670882e+00 5.308503407875e-01 2.796860012555e-03 
3.230212719087e-14 1.301304413979e-10 4.352698775380e-08 4.511969941829e-06 2.203659158490e-04 6.386806753465e-03 1.171578152457e-01 1.141431989220e+00 2.879460274885e+00 6.117465245822e-01 3.814596847046e-03 
2.185354905544e-14 9.045769820340e-11 3.116613418902e-08 3.338420349053e-06 1.690854415434e-04 5.108448940233e-03 9.860289354820e-02 1.030579686555e+00 2.877518788234e+00 6.997131669698e-01 5.148212532926e-03 
1.478961433308e-14 6.286057770203e-11 2.229573115706e-08 2.466572801545e-06 1.294880464432e-04 4.076099938787e-03 8.273392621969e-02 9.268008399096e-01 2.862750044329e+00 7.945080660557e-01 6.876948911503e-03 
1.001256370558e-14 4.367087328993e-11 1.593650586218e-08 1.819890931198e-06 9.897737982977e-05 3.244692307611e-03 6.921207533417e-02 8.302328939806e-01 2.835574210968e+00 8.957455653116e-01 9.094237041330e-03 
6.781043721429e-15 3.033193596379e-11 1.138190175682e-08 1.340958514100e-06 7.551720760478e-05 2.576897887133e-03 5.773142376463e-02 7.408952238255e-01 2.796552249194e+00 1.002894473875e+00 1.190873430693e-02 
4.594301962593e-15 2.106283449932e-11 8.122771247480e-09 9.867873806568e-07 5.751487948602e-05 2.041914733235e-03 4.801776817894e-02 6.587049982187e-01 2.746371326558e+00 1.115279990804e+00 1.544506270628e-02 
3.114030760416e-15 1.462363167934e-11 5.792662198525e-09 7.252528585969e-07 4.372795735059e-05 1.614418286204e-03 3.982698317876e-02 5.834930636228e-01 2.685828579268e+00 1.232089719108e+00 1.984415234954e-02 
2.111616137624e-15 1.015145620759e-11 4.128129426579e-09 5.323925032554e-07 3.318967132597e-05 1.273660412441e-03 3.294309041311e-02 5.150194090054e-01 2.615813633269e+00 1.352383700213e+00 2.526309566620e-02 
1.432530302378e-15 7.046098541278e-12 2.939988770216e-09 3.903639331621e-07 2.514961426753e-05 1.002700160389e-03 2.717614521052e-02 4.529878577386e-01 2.537290302179e+00 1.475108248047e+00 3.187442503969e-02 
9.722931320242e-16 4.890221962650e-12 2.092526971249e-09 2.859045138481e-07 1.902671805984e-05 7.877507157722e-04 2.236003317748e-02 3.970597167778e-01 2.451277879632e+00 1.599113221323e+00 3.986473998236e-02 
6.602413080518e-16 3.393749718186e-12 1.488486397202e-09 2.091721523250e-07 1.437208919788e-05 6.176279834159e-04 1.835025077208e-02 3.468661921384e-01 2.358832434471e+00 1.723172249118e+00 4.943262955060e-02 
4.485671854622e-16 2.355125112922e-12 1.058234963674e-09 1.528747820477e-07 1.083972854001e-05 4.832873504469e-04 1.502172735923e-02 3.020194511445e-01 2.261028499234e+00 1.846005323400e+00 6.078586105941e-02 
3.049149005076e-16 1.634339649215e-12 7.519646572528e-10 1.116179984863e-07 8.163532529232e-06 3.774364105705e-04 1.226673181742e-02 2.621222745228e-01 2.158941515403e+00 1.966303096336e+00 7.413783641126e-02 
2.073781037691e-16 1.134163640887e-12 5.340785532534e-10 8.141715518146e-08 6.139281216769e-06 2.942126841198e-04 9.992894408958e-03 2.267762943779e-01 2.053631363598e+00 2.082752172069e+00 8.970335119775e-02 
1.411194186051e-16 7.870907224114e-13 3.791570947586e-10 5.933316418422e-08 4.610571742278e-06 2.289166044697e-04 8.121364272246e-03 1.955888571940e-01 1.946127264038e+00 2.194060662732e+00 1.076937274851e-01 
9.608521814472e-17 5.462605421038e-13 2.690625066207e-10 4.320114245040e-08 3.457863112123e-06 1.777912234322e-04 6.585114412119e-03 1.681785845473e-01 1.837414283567e+00 2.298983286099e+00 1.283114269054e-01 
6.546035773424e-17 3.791498037479e-13 1.908624102324e-10 3.142859748152e-08 2.589966701668e-06 1.378411934080e-04 5.327399280215e-03 1.441797287850e-01 1.728421631982e+00 2.396345315455e+00 1.517442842435e-01 
4.462292264035e-17 2.631888695215e-13 1.353423748280e-10 2.284559098098e-08 1.937453415156e-06 1.066845986075e-04 4.300364758004e-03 1.232454374333e-01 1.620012874116e+00 2.485064748197e+00 1.781595310383e-01 
3.043695005090e-17 1.827171500883e-13 9.594138286956e-11 1.659367865407e-08 1.447558460942e-06 8.243212486709e-05 3.463806380651e-03 1.050500495510e-01 1.512978127288e+00 2.564172134835e+00 2.076978018408e-01 
2.077366709863e-17 1.268689588972e-13 6.799065978063e-11 1.204372329362e-08 1.080252990155e-06 6.358887608814e-05 2.784068772777e-03 8.929055077155e-02 1.408028258139e+00 2.632827600330e+00 2.404673310428e-01 
1.418728695974e-17 8.810582041261e-14 4.816988798197e-11 8.735168617434e-09 8.052224009383e-07 4.897486748235e-05 2.233077320670e-03 7.568731247476e-02 1.305791040642e+00 2.690334690947e+00 2.765385543525e-01 
9.695377565945e-18 6.119777241627e-14 3.411904073806e-11 6.331236668883e-09 5.995472670554e-07 3.766085661431e-05 1.787491908021e-03 6.398423547948e-02 1.206809189656e+00 2.736150787630e+00 3.159393253225e-01 
6.630009295079e-18 4.251643061539e-14 2.416151616990e-11 4.585920565963e-09 4.459273769304e-07 2.891671931253e-05 1.427971940261e-03 5.394841082664e-02 1.111540143360e+00 2.769893937204e+00 3.586509436851e-01 
4.536827341194e-18 2.954447503564e-14 1.710680319070e-11 3.319700617607e-09 3.313245473534e-07 2.217004643535e-05 1.138541741604e-03 4.536940050887e-02 1.020357434076e+00 2.791346061573e+00 4.046051690488e-01 
3.106587258708e-18 2.053534219749e-14 1.210993089304e-11 2.401701943532e-09 2.459275714111e-07 1.697303715422e-05 9.060456139346e-04 3.805823015107e-02 9.335534610952e-01 2.800452608986e+00 4.536823617718e-01 
2.128689738858e-18 1.427714763370e-14 8.571427356294e-12 1.736601574060e-09 1.823643918813e-07 1.297610276379e-05 7.196823010745e-04 3.184617428485e-02 8.513434613513e-01 2.797318807297e+00 5.057108540624e-01 
1.459630154769e-18 9.928924769453e-15 6.066156175024e-12 1.255032471075e-09 1.351035890589e-07 9.906879653473e-06 5.706092262392e-04 2.658340349284e-02 7.738704639762e-01 2.782202764472e+00 5.604676104669e-01 
1.001564491768e-18 6.907031778630e-15 4.292724234559e-12 9.065587204462e-10 1.000005262971e-07 7.553588105333e-06 4.516076006638e-04 2.213755171579e-02 7.012110124902e-01 2.755505734275e+00 6.176801900792e-01 
6.877402877254e-19 4.806358217928e-15 3.037533723817e-12 6.545387394073e-10 7.395380147707e-08 5.751871555745e-06 3.568002870219e-04 1.839225169971e-02 6.333814428800e-01 2.717759923776e+00 6.770299753610e-01 
4.725884848073e-19 3.345669486392e-15 2.149252485583e-12 4.723731085312e-10 5.464564186105e-08 4.374414766131e-06 2.814151037418e-04 1.524567710553e-02 5.703445161805e-01 2.669614263048e+00 7.381565866948e-01 
3.249813548324e-19 2.329693123002e-15 1.520691876003e-12 3.407666262151e-10 4.034605690099e-08 3.322774230323e-06 2.215870468964e-04 1.260912132553e-02 5.120162193384e-01 2.611818585969e+00 8.006633598692e-01 
2.236422055200e-19 1.622816986560e-15 1.075948482510e-12 2.457324090343e-10 2.976532714789e-08 2.520964700635e-06 1.741936644760e-04 1.040563560132e-02 4.582725669786e-01 2.545206684432e+00 8.641237274829e-01 
1.540183016745e-19 1.130841357982e-15 7.612844507205e-13 1.771382996332e-10 2.194307168874e-08 1.910435935683e-06 1.367185297058e-04 8.568742620831e-03 4.089562580928e-01 2.470678697316e+00 9.280883162708e-01 
1.061493228592e-19 7.883173917133e-16 5.386618356655e-13 1.276491863583e-10 1.616494841802e-08 1.446147096190e-06 1.071384170896e-04 7.041236351324e-03 3.638830645500e-01 2.389183281223e+00 9.920925516663e-01 
7.321354206188e-20 5.497605938059e-16 3.811601835656e-13 9.195806415523e-11 1.190019420867e-08 1.093505570914e-06 8.383038262966e-05 5.774074380196e-03 3.228478517038e-01 2.301699983777e+00 1.055664549111e+00 
5.053563528574e-20 3.835524725734e-16 2.697298479955e-13 6.622747155146e-11 8.754856507361e-09 8.259848840318e-07 6.549548689802e-05 4.725365405617e-03 2.856301543819e-01 2.209222203893e+00 1.118333068820e+00 
3.490911696428e-20 2.677072156453e-16 1.908923467097e-13 4.768406447938e-11 6.436821356370e-09 6.232748024500e-07 5.109637730061e-05 3.859451654694e-03 2.519992534737e-01 2.112741078811e+00 1.179635316570e+00 
2.413333818660e-20 1.869324658403e-16 1.351119348041e-13 3.432456235707e-11 4.729696322984e-09 4.698475674284e-07 3.980636658928e-05 3.146083813653e-03 2.217187186016e-01 2.013230586939e+00 1.239124386850e+00 
1.669689806560e-20 1.305881738552e-16 9.564274832551e-14 2.470262352696e-11 3.473330651807e-09 3.538487645001e-07 3.096801209936e-05 2.559684438413e-03 1.945504005748e-01 1.911634100700e+00 1.296376165305e+00 
1.156102654316e-20 9.126880070627e-17 6.771279927887e-14 1.777448100869e-11 2.549303402379e-09 2.662409116388e-07 2.405951861880e-05 2.078694684591e-03 1.702578731805e-01 1.808852566834e+00 1.350995533562e+00 
8.011271269815e-21 6.381826388091e-17 4.794650190770e-14 1.278720947501e-11 1.870125123852e-09 2.001433673119e-07 1.866756184059e-05 1.684998469515e-03 1.486093372600e-01 1.705734434771e+00 1.402621749643e+00 
5.555882289008e-21 4.464536555502e-17 3.395606712911e-14 9.197898981717e-12 1.371211765698e-09 1.503244377463e-07 1.446536368462e-05 1.363417778514e-03 1.293800108870e-01 1.603067398726e+00 1.450932909842e+00 
3.856143693002e-21 3.124791148507e-17 2.405242155957e-14 6.615219864582e-12 1.004925531114e-09 1.128112473603e-07 1.119504996514e-05 1.101272685866e-03 1.123540379100e-01 1.501571967477e+00 1.495649431561e+00 
2.678575357420e-21 2.188180448639e-17 1.704070994251e-14 4.757198760943e-12 7.361549574905e-10 8.459055509739e-08 8.653489260438e-06 8.879997178487e-04 9.732595327153e-02 1.401896828832e+00 1.536536529735e+00 
1.862116416912e-21 1.533087570931e-17 1.207564457353e-14 3.420724079688e-12 5.390399102381e-10 6.337967754036e-08 6.680953443828e-06 7.148223907579e-04 8.410174757757e-02 1.304615934429e+00 1.573405690927e+00 
1.295578712586e-21 1.074673427567e-17 8.559193625690e-15 2.459533203778e-12 3.945472392653e-10 4.745135887012e-08 5.152058840889e-06 5.744680679089e-04 7.249957560903e-02 1.210227195586e+00 1.606115177771e+00 
9.021451389044e-22 7.537297666350e-18 6.068218803907e-15 1.768329519881e-12 2.886777931647e-10 3.550008143689e-08 3.968545701544e-06 4.609256614748e-04 6.235015409525e-02 1.119152652760e+00 1.634569621476e+00 
6.287039468927e-22 5.289178071741e-18 4.303296366852e-15 1.271327189648e-12 2.111415403602e-10 2.654015712113e-08 3.053535565182e-06 3.692391291835e-04 5.349689337901e-02 1.031739959941e+00 1.658718780862e+00 
4.385050137552e-22 3.713622062954e-18 3.052520259946e-15 9.139926076795e-13 1.543794141488e-10 1.982815222311e-08 2.346973745061e-06 2.953321600470e-04 4.579580585750e-02 9.482650108668e-01 1.678555562626e+00 
3.060996942093e-22 2.608841604300e-18 2.165900972162e-15 6.570926842370e-13 1.128417293684e-10 1.480391480561e-08 1.802019824818e-06 2.358598901869e-04 3.911523152968e-02 8.689355260188e-01 1.694113409111e+00 
2.138515747149e-22 1.833756186754e-18 1.537257760257e-15 4.724070712210e-13 8.245628552146e-11 1.104580183611e-08 1.382194697838e-06 1.880839265808e-04 3.333541784768e-02 7.938954172565e-01 1.705463166795e+00 
1.495286528752e-22 1.289681893395e-18 1.091410205364e-15 3.396401196588e-13 6.023658438842e-11 8.236729700748e-09 1.059129964477e-06 1.497673739663e-04 2.834798756048e-02 7.232297502350e-01 1.712709551447e+00 
1.046405244622e-22 9.075569451789e-19 7.751175288281e-16 2.441975327682e-13 4.399345813209e-11 6.138462915931e-09 8.107958591460e-07 1.190869519405e-04 2.405532452676e-02 6.569701324372e-01 1.715987324632e+00 
7.328919373350e-23 6.390259077860e-19 5.506684643657e-16 1.755860184265e-13 3.212295731554e-11 4.572164816084e-09 6.201085165987e-07 9.455965163370e-05 2.036990370834e-02 5.951003660814e-01 1.715457291714e+00 
5.137424887131e-23 4.502142774367e-19 3.913458026841e-16 1.262616545557e-13 2.345043333253e-11 3.403701811575e-09 4.738373203695e-07 7.498171221239e-05 1.721358785427e-02 5.375622194180e-01 1.711302224083e+00 
3.604270808700e-23 3.173796567445e-19 2.782169397211e-16 9.080133970051e-14 1.711599884996e-11 2.532551581414e-09 3.617491564675e-07 5.937799634901e-05 1.451690984094e-02 4.842611862174e-01 1.703722798799e+00 
2.530792531504e-23 2.238724425692e-19 1.978624245758e-16 6.530680829734e-14 1.249043492995e-11 1.883440250573e-09 2.759393302790e-07 4.696011118349e-05 1.221835631498e-02 4.350721208048e-01 1.692933637689e+00 
1.778539923251e-23 1.580107081910e-19 1.407681081390e-16 4.697600883508e-14 9.113486285103e-12 1.400043571606e-09 2.103092809289e-07 3.709185849384e-05 1.026366523926e-02 3.898446540974e-01 1.679159515809e+00 
1.250948165293e-23 1.115935859231e-19 1.001868228816e-16 3.379489500712e-14 6.648608464828e-12 1.040247382657e-09 1.601595293582e-07 2.926080658127e-05 8.605147197347e-03 3.484083141439e-01 1.662631796616e+00 
8.806112830562e-24 7.886080089894e-20 7.133232603424e-17 2.431583247475e-14 4.849797353223e-12 7.725847385900e-10 1.218729219565e-07 2.305495888656e-05 7.201037882029e-03 3.105772921156e-01 1.643585138615e+00 
6.204388186018e-24 5.576409770605e-20 5.080840519276e-17 1.749829834260e-14 3.537286756256e-12 5.735600459971e-10 9.266850637972e-08 1.814365287899e-05 6.014887078485e-03 2.761548111357e-01 1.622254506155e+00 
4.375059399275e-24 3.945680713942e-20 3.620445063122e-17 1.259437319305e-14 2.579751319840e-12 4.256411551667e-10 7.041056573368e-08 1.426195964083e-05 5.014987645177e-03 2.449370704274e-01 1.598872505632e+00 
3.087732370352e-24 2.793605582119e-20 2.580888785500e-17 9.066437220392e-15 1.881279027600e-12 3.157539573227e-10 5.346065734297e-08 1.119797212184e-05 4.173846477522e-03 2.167167507801e-01 1.573667058032e+00 
2.181054042014e-24 1.979184002500e-20 1.840607316009e-17 6.528016947713e-15 1.371838914459e-12 2.341546561219e-10 4.056312758387e-08 8.782470474805e-06 3.467698190737e-03 1.912860791384e-01 1.546859409522e+00 
1.541929790099e-24 1.403095204799e-20 1.313230635275e-17 4.701272459642e-15 1.000308913211e-12 1.735856310925e-10 3.075664574539e-08 6.880538291910e-06 2.876061253501e-03 1.684394601362e-01 1.518662473903e+00 
1.091024321068e-24 9.953363549639e-21 9.373725899850e-18 3.386444714767e-15 7.293780777928e-13 1.286440585293e-10 2.330593108836e-08 5.384775864418e-06 2.381335517169e-03 1.479756906395e-01 1.489279494161e+00 
7.726381297096e-25 7.065390062814e-21 6.693883450005e-18 2.439898374103e-15 5.318205343306e-13 9.531001173084e-11 1.764912924905e-08 4.209817540056e-06 1.968439489144e-03 1.296997798832e-01 1.458903005082e+00 
5.476333325684e-25 5.018658920013e-21 4.782355537395e-18 1.758341782189e-15 3.877729066621e-13 7.059400590463e-11 1.335729973481e-08 3.287911430244e-06 1.624485267387e-03 1.134244026845e-01 1.427714074890e+00 
3.884863429736e-25 3.567188968168e-21 3.418270721277e-18 1.267486007210e-15 2.827455497345e-13 5.227393234321e-11 1.010326361939e-08 2.565362528248e-06 1.338488760666e-03 9.897101663963e-02 1.395881801068e+00 
2.758251390248e-25 2.537190110526e-21 2.444414761360e-18 9.138938556056e-16 2.061702044970e-13 3.869883831752e-11 7.637675935499e-09 1.999675979481e-06 1.101112642684e-03 8.617067630445e-02 1.363563033746e+00 
1.960036509132e-25 1.805800838368e-21 1.748839916149e-18 6.591212555192e-16 1.503396541045e-13 2.864265797947e-11 5.770667416105e-09 1.557266882018e-06 9.044394062604e-04 7.486457830276e-02 1.330902299248e+00 
1.394012519363e-25 1.286109821675e-21 1.251799314653e-18 4.755060054259e-16 1.096337557171e-13 2.119524336939e-11 4.357774252995e-09 1.211627532160e-06 7.417718771937e-04 6.490437127365e-02 1.298031896381e+00 
9.922961679842e-26 9.165981406950e-22 8.964612845661e-19 3.431404098038e-16 7.995462377619e-14 1.568122991159e-11 3.289165414215e-09 9.418632809031e-07 6.074585995443e-04 5.615226373227e-02 1.265072138712e+00 
7.069488104051e-26 6.536930730917e-22 6.423077154701e-19 2.476947635675e-16 5.831452466712e-14 1.159965944708e-11 2.481402923681e-09 7.315248311268e-07 4.967416002397e-04 4.848096144442e-02 1.232131717297e+00 
5.040881419290e-26 4.665132720842e-22 4.604389108617e-19 1.788523734955e-16 4.253524607362e-14 8.579073593216e-12 1.871145623667e-09 5.676784782665e-07 4.056241688641e-04 4.177346395968e-02 1.199308159925e+00 
3.597465685820e-26 3.331581842566e-22 3.302330973495e-19 1.291841493201e-16 3.102882132153e-14 6.344130106554e-12 1.410342517633e-09 4.401669852878e-07 3.307564378610e-04 3.592274764811e-02 1.166688364867e+00 
2.569557095585e-26 2.380863084819e-22 2.369688264406e-19 9.333918492966e-17 2.263761503928e-14 4.690797234795e-12 1.062566607883e-09 3.410229132799e-07 2.693367107054e-04 3.083136006769e-02 1.134349189195e+00 
1.836923404815e-26 1.702616501386e-22 1.701320500989e-19 6.746251747637e-17 1.651771426340e-14 3.467930259928e-12 8.002210684551e-10 2.640036614434e-07 2.190266540583e-04 2.641094785867e-02 1.102358073961e+00 
1.314300523489e-26 1.218424737697e-22 1.222102209358e-19 4.877623356355e-17 1.205390659746e-14 2.563594057527e-12 6.024119921831e-10 2.042235056424e-07 1.778786391369e-04 2.258173770640e-02 1.070773690739e+00 
9.411716371798e-27 8.725311576321e-23 8.783295637277e-20 3.527804220071e-17 8.797694586892e-15 1.894913213136e-12 4.533300024376e-10 1.578628140676e-07 1.442736833869e-04 1.927198730922e-02 1.039646596205e+00 
6.745484103517e-27 6.252654122133e-23 6.315941174022e-20 2.552433333692e-17 6.422108039530e-15 1.400542821090e-12 3.410199781018e-10 1.219385705259e-07 1.168686030102e-04 1.641742078827e-02 1.009019883545e+00 
4.838682767205e-27 4.483837813087e-23 4.544134819904e-20 1.847401062057e-17 4.688763963545e-15 1.035085360768e-12 2.564465321675e-10 9.412352314954e-08 9.455113779454e-05 1.396066062632e-02 9.789298214530e-01 
3.473845280734e-27 3.217645275582e-23 3.271137322967e-20 1.337604926189e-17 3.423855543414e-15 7.649520836260e-13 1.927846704394e-10 7.260384141907e-08 7.640195063037e-05 1.185066605042e-02 9.494064732651e-01 
2.496103668654e-27 2.310627364851e-23 2.356039632721e-20 9.688518470707e-18 2.500650237261e-15 5.652961806121e-13 1.448817555603e-10 5.596722455112e-08 6.166253422833e-05 1.004218580005e-02 9.204742904819e-01 
1.795077032366e-27 1.660449948567e-23 1.697869850722e-20 7.020250206970e-18 1.826732604941e-15 4.177408711989e-13 1.088496871740e-10 4.311505564070e-08 4.970817654255e-05 8.495231455950e-03 8.921526763494e-01 
1.292026311214e-27 1.194060673490e-23 1.224238029105e-20 5.088810744046e-18 1.334705565712e-15 3.086968586085e-13 8.175598836019e-11 3.319351705995e-08 4.002524425254e-05 7.174575948159e-03 8.644565164920e-01 
9.307367547778e-28 8.592752121826e-24 8.832194217895e-21 3.690210977321e-18 9.754124129565e-16 2.281165997583e-13 6.138996089098e-11 2.553963758555e-08 3.219214065332e-05 6.049280510940e-03 8.373966746947e-01 
6.710409542559e-28 6.187909627611e-24 6.375498922185e-21 2.677071068199e-18 7.129961034494e-16 1.685722202371e-13 4.608577603301e-11 1.963908265995e-08 2.586338092577e-05 5.092252197394e-03 8.109804528794e-01 
4.842138788435e-28 4.459250741787e-24 4.604728716676e-21 1.942875411468e-18 5.212976506969e-16 1.245731516473e-13 3.458871791455e-11 1.509316835119e-08 2.075630462212e-05 4.279833096618e-03 7.852120151054e-01 
3.496961491934e-28 3.215781222863e-24 3.327665410727e-21 1.410616027070e-18 3.812305362881e-16 9.206127951132e-14 2.595411124305e-11 1.159311115549e-08 1.664001300513e-05 3.591421595786e-03 7.600927760681e-01 
2.527605061900e-28 2.320695412625e-24 2.406148081797e-21 1.024598873786e-18 2.788665156194e-16 6.803749978335e-14 1.947098868691e-11 8.899947387053e-09 1.332617836615e-05 3.009125382826e-03 7.356217550745e-01 
1.828486041201e-28 1.675935013263e-24 1.740818343801e-21 7.445304207806e-19 2.040399583436e-16 5.028553106086e-14 1.460447278253e-11 6.828889746627e-09 1.066142437488e-05 2.517445375768e-03 7.117958968695e-01 
1.323845922135e-28 1.211166585924e-24 1.260184728144e-21 5.412485872972e-19 1.493301660631e-16 3.716768918003e-14 1.095230616586e-11 5.237152617481e-09 8.521021629280e-06 2.102989375546e-03 6.886103609736e-01 
9.592810519058e-29 8.759080523550e-25 9.127793822603e-22 3.936398268280e-19 1.093192266252e-16 2.747389746201e-14 8.212071916501e-12 4.014486026394e-09 6.803681598918e-06 1.754213953926e-03 6.660587813915e-01 
6.956906587165e-29 6.339008082507e-25 6.615298205744e-22 2.864120724139e-19 8.005074257267e-17 2.031007130417e-14 6.156486628793e-12 3.075822490779e-09 5.427265771108e-06 1.461192891870e-03 6.441334986776e-01 
5.049490841416e-29 4.590842788680e-25 4.797181128652e-22 2.084854135421e-19 5.863501490159e-17 1.501561965388e-14 4.614786444158e-12 2.355570306201e-09 4.325255653310e-06 1.215410361671e-03 6.228257664067e-01 
3.668084454377e-29 3.327147149289e-25 3.480782870313e-22 1.518287687284e-19 4.296101605595e-17 1.110247449769e-14 3.458709463519e-12 1.803188509595e-09 3.443853942684e-06 1.009576985605e-03 6.021259341068e-01 
2.666800788745e-29 2.413015870973e-25 2.527102550506e-22 1.106186644225e-19 3.148623756290e-17 8.210035012155e-15 2.591943866724e-12 1.379758590266e-09 2.739608178513e-06 8.374668927555e-04 5.820236086853e-01 
1.940441285490e-29 1.751285711820e-25 1.835797853491e-22 8.063072062577e-20 2.308333338984e-17 6.071875080622e-15 1.942187982433e-12 1.055330626810e-09 2.177466026334e-06 6.937739238144e-04 5.625077963145e-01 
1.413084960691e-29 1.271928001866e-25 1.334393146727e-22 5.879931206864e-20 1.692819100150e-17 4.491144677093e-15 1.455177989707e-12 8.068705619194e-10 1.729186435019e-06 5.739851918260e-04 5.435670266604e-01 
1.029895156140e-29 9.244358093100e-26 9.705111965150e-23 4.289880998656e-20 1.241822462520e-17 3.322395874619e-15 1.090197239799e-12 6.166736852937e-10 1.372043641837e-06 4.742702873111e-04 5.251894612347e-01 
7.512316036592e-30 6.723566074594e-26 7.062783655477e-23 3.131274966253e-20 9.112719407221e-18 2.458156102267e-15 8.167007769339e-13 4.711393671936e-10 1.087771713224e-06 3.913845123433e-04 5.073629875388e-01 
5.484157029565e-30 4.893631096090e-26 5.142930109124e-23 2.286660739465e-20 6.689267011866e-18 1.819008933464e-15 6.117789293051e-13 3.598254787088e-10 8.617062961170e-07 3.225846344499e-04 4.900753005463e-01 
4.006823374164e-30 3.564276013728e-26 3.747187499683e-23 1.670661192676e-20 4.911945784142e-18 1.346266261613e-15 4.582519773034e-13 2.747191737848e-10 6.820877741155e-07 2.655557631549e-04 4.733139729507e-01 
2.929839801840e-30 2.597884678241e-26 2.731876016080e-23 1.221188345812e-20 3.608074369001e-18 9.965549074426e-16 3.432392960615e-13 2.096749132749e-10 5.394962978923e-07 2.183480659597e-04 4.570665154802e-01 
2.144074978945e-30 1.894858175758e-26 1.992865273405e-23 8.930709816810e-21 2.651225068230e-18 7.378174879831e-16 2.570851103280e-13 1.599816635939e-10 4.263943832041e-07 1.793221536954e-04 4.413204284665e-01 
1.570317701205e-30 1.383062116912e-26 1.454644542771e-23 6.534310349062e-21 1.948808514115e-18 5.463580234265e-16 1.925521913492e-13 1.220297932580e-10 3.367571082053e-07 1.471020753066e-04 4.260632457341e-01 
1.151027180656e-30 1.010216839499e-26 1.062425215058e-23 4.783274777049e-21 1.432997334225e-18 4.046592961598e-16 1.442168117848e-13 9.305486156320e-11 2.657735364929e-07 1.205349676188e-04 4.112825717745e-01 
8.443706852480e-31 7.384060471965e-27 7.764310960938e-24 3.503192364667e-21 1.054089208496e-18 2.997703037958e-16 1.080148271219e-13 7.094066908040e-11 2.096059642291e-07 9.865650535587e-05 3.969661130610e-01 
6.199108486429e-31 5.401114271932e-27 5.677681381346e-24 2.566947386085e-21 7.756524858367e-19 2.221148441118e-16 8.090120848588e-14 5.406795119624e-11 1.651960414756e-07 8.066138988104e-05 3.831017042719e-01 
4.554837035849e-31 3.953472289952e-27 4.154350219274e-24 1.881852017541e-21 5.709746852589e-19 1.646111984026e-16 6.059472210428e-14 4.119820264040e-11 1.301088363848e-07 6.587820138888e-05 3.696773300965e-01 
3.349368647642e-31 2.895882613810e-27 3.041582470670e-24 1.380290945862e-21 4.204635095040e-19 1.220216360807e-16 4.538649693657e-14 3.138452487311e-11 1.024075693801e-07 5.374801842895e-05 3.566811432223e-01 
2.464895613820e-31 2.122705839762e-27 2.228234362336e-24 1.012916348012e-21 3.097443915380e-19 9.047170452199e-17 3.399651869224e-14 2.390324682351e-11 8.055310450478e-08 4.380628070786e-05 3.441014790299e-01 
1.815425994900e-31 1.557058559452e-27 1.633380105375e-24 7.436958383883e-22 2.282675149391e-19 6.709495763964e-17 2.546606870480e-14 1.820150533268e-11 6.332339834634e-08 3.566743628571e-05 3.319268674535e-01 
1.338141243811e-31 1.142946732037e-27 1.198061440290e-24 5.463072529929e-22 1.682875817981e-19 4.977036524473e-17 1.907711614882e-14 1.385708007467e-11 4.974901650115e-08 2.901197284256e-05 3.201460424098e-01 
9.871148730628e-32 8.395616019940e-28 8.792991111681e-25 4.015128034891e-22 1.241163672791e-19 3.692820472571e-17 1.429191756097e-14 1.054763274271e-11 3.906156938309e-08 2.357548500953e-05 3.087479491453e-01 
7.287435107589e-32 6.171408281695e-28 6.457436455932e-25 2.952456986817e-22 9.157496127726e-20 2.740655874167e-17 1.070776347204e-14 8.027159357148e-12 3.065252320845e-08 1.913947625607e-05 2.977217498043e-01 
5.384208838620e-32 4.539632592059e-28 4.745148744850e-25 2.172152933166e-22 6.759222721023e-20 2.034521233287e-17 8.023077307384e-15 6.107972228297e-12 2.404033299300e-08 1.552363494436e-05 2.870568274803e-01 
3.981146879593e-32 3.341653446442e-28 3.489039548450e-25 1.598897816164e-22 4.991035618263e-20 1.510719210316e-17 6.012021210682e-15 4.646918905924e-12 1.884424288967e-08 1.257936035999e-05 2.767427889785e-01 
2.945998499914e-32 2.461534524206e-28 2.567015476207e-25 1.177539062544e-22 3.686888508184e-20 1.122073798881e-17 4.505475761852e-15 3.534846079804e-12 1.476342210534e-08 1.018434625802e-05 2.667694664827e-01 
2.181693611626e-32 1.814486741671e-28 1.889808283621e-25 8.676708650073e-23 2.724621879476e-20 8.336380241955e-18 3.376794823024e-15 2.688547521289e-12 1.156036590551e-08 8.238057164776e-06 2.571269182963e-01 
1.616928478781e-32 1.338457296446e-28 1.392110734969e-25 6.396766870652e-23 2.014330848432e-20 6.195184660958e-18 2.531137378809e-15 2.044612736936e-12 9.047702302875e-09 6.657956769041e-06 2.478054287992e-01 
1.199285435145e-32 9.880014524772e-29 1.026116495643e-25 4.718376045701e-23 1.489824390077e-20 4.605256323612e-18 1.897478604432e-15 1.554729366597e-12 7.077715328406e-09 5.376368615899e-06 2.387955077458e-01 
8.902006101752e-33 7.298144598859e-29 7.568093048171e-26 3.482184382815e-23 1.102352284140e-20 3.424351043947e-18 1.422627549632e-15 1.182097008888e-12 5.534032991166e-09 4.337867350347e-06 2.300878890078e-01 
6.612804282792e-33 5.394716416400e-29 5.585257399822e-26 2.571217380410e-23 8.159960890440e-21 2.547004583970e-18 1.066747573004e-15 8.986904272206e-13 4.325038429820e-09 3.497114283373e-06 2.216735288514e-01 
4.916032805716e-33 3.990483271826e-29 4.124457785526e-26 1.899565374386e-23 6.042815627270e-21 1.895004081827e-18 8.000021126509e-16 6.831716270620e-13 3.378651468202e-09 2.817064378247e-06 2.135436038278e-01 
3.657413467310e-33 2.953809718270e-29 3.047596419646e-26 1.404102066033e-23 4.476879596281e-21 1.410332447301e-18 6.000431225724e-16 5.192974477052e-13 2.638198979436e-09 2.267483158017e-06 2.056895083388e-01 
2.723092465904e-33 2.187958572437e-29 2.253278774570e-26 1.038419012200e-23 3.318161018029e-21 1.049942867924e-18 4.501304815278e-16 3.947054244421e-13 2.059149527195e-09 1.823721766171e-06 1.981028519354e-01 
2.028983948401e-33 1.621790053885e-29 1.667013862226e-26 7.683809789162e-24 2.460404985192e-21 7.818879259799e-19 3.377238477552e-16 2.999883215430e-13 1.606533437755e-09 1.465706694409e-06 1.907754563960e-01 
1.512939547823e-33 1.202952598316e-29 1.234042805488e-26 5.688674369807e-24 1.825172540108e-21 5.824515589781e-19 2.534282540464e-16 2.279888889660e-13 1.252905989236e-09 1.177107721833e-06 1.836993526235e-01 
1.128990074826e-33 8.928944277691e-30 9.140876829816e-27 4.213824864058e-24 1.354535804593e-21 4.340235878247e-19 1.902045603745e-16 1.732625737902e-13 9.767405852706e-10 9.446535632629e-07 1.768667773963e-01 
8.431077783719e-34 6.632065193766e-30 6.775041815338e-27 3.123009026262e-24 1.005697333558e-21 3.235241988111e-19 1.427782141763e-16 1.316682856530e-13 7.611620634808e-10 7.575697536557e-07 1.702701700014e-01 
6.300852696127e-34 4.929397992026e-30 5.024610991717e-27 2.315803650241e-24 7.470253303927e-22 2.412358119501e-19 1.071964913560e-16 1.000567673491e-13 5.929488464643e-10 6.071175345726e-07 1.639021687749e-01 
4.712351169389e-34 3.666356903995e-30 3.728714057824e-27 1.718154931813e-24 5.551310455048e-22 1.799367912535e-19 8.049691253027e-17 7.603334211967e-14 4.617474186086e-10 4.862160736276e-07 1.577556075697e-01 
3.526930366807e-34 2.728793532389e-30 2.768736970321e-27 1.275426207525e-24 4.127135839779e-22 1.342588458836e-19 6.045890413916e-17 5.777732281464e-14 3.594543645881e-10 3.891333395894e-07 1.518235121696e-01 
2.641653589591e-34 2.032361734988e-30 2.057169591475e-27 9.472859128055e-25 3.069700031605e-22 1.002102429945e-19 4.541779312633e-17 4.390457699190e-14 2.797305442957e-10 3.112334613958e-07 1.460990966641e-01 
1.980037482838e-34 1.514694464951e-30 1.529410416328e-27 7.039467820533e-25 2.284219712801e-22 7.482195762246e-20 3.412547888611e-17 3.336295379784e-14 2.176193928049e-10 2.487704935639e-07 1.405757597966e-01 
1.485211628155e-34 1.129645184085e-30 1.137740714272e-27 5.233977324381e-25 1.700495054614e-22 5.588499294441e-20 2.564606037812e-17 2.535272857347e-14 1.692472141103e-10 1.987202575521e-07 1.352470812976e-01 
1.114857783404e-34 8.430461337739e-31 8.468911679666e-28 3.893653795243e-25 1.266511684359e-22 4.175532912266e-20 1.927764166344e-17 1.926608960784e-14 1.315879969277e-10 1.586433833795e-07 1.301068182121e-01 
8.374629728512e-35 6.295818038427e-31 6.307782048466e-28 2.898121057970e-25 9.437133393576e-23 3.120905034405e-20 1.449374416835e-17 1.464111596041e-14 1.022789698844e-10 1.265738849760e-07 1.251489012295e-01 
6.295432704237e-35 4.704828496421e-31 4.700999787666e-28 2.158288935884e-25 7.035075415012e-23 2.333471189721e-20 1.089940482075e-17 1.112678098643e-14 7.947603164665e-11 1.009286060326e-07 1.203674310219e-01 
4.735852797314e-35 3.518240162563e-31 3.505645142490e-28 1.608187480990e-25 5.246816383091e-23 1.745335233163e-20 8.198275150350e-18 8.456343475254e-15 6.174049805460e-11 8.043370418954e-08 1.157566745983e-01 
3.565186476966e-35 2.632670259229e-31 2.615830007496e-28 1.198941341827e-25 3.914912540755e-23 1.305903332570e-20 6.167961794061e-18 6.427118506021e-15 4.795042992839e-11 6.406502868506e-08 1.113110616783e-01 
2.685817876686e-35 1.971314828436e-31 1.953055506009e-28 8.943210937421e-26 2.922455912697e-23 9.774626403251e-21 4.641541682986e-18 4.885100072197e-15 3.723124268787e-11 5.099981405597e-08 1.070251810905e-01 
2.024789732451e-35 1.477077470501e-31 1.459092430209e-28 6.674571424561e-26 2.182600070110e-23 7.318927272387e-21 3.493703954816e-18 3.713272963676e-15 2.890143243075e-11 4.057758030679e-08 1.028937771990e-01 
1.527534982133e-35 1.107484210336e-31 1.090721323056e-28 4.984111378478e-26 1.630801917400e-23 5.482188350828e-21 2.630359089214e-18 2.822729581688e-15 2.243014625776e-11 3.226851506088e-08 9.891174636114e-02 
1.153211777578e-35 8.309176964500e-32 8.158441449826e-29 3.723802056725e-26 1.219072813155e-23 4.107909087391e-21 1.980846656715e-18 2.145919086474e-15 1.740402787977e-11 2.564792974638e-08 9.507413341909e-02 
8.712292470670e-36 6.238265799698e-32 6.106081567211e-29 2.783684185243e-26 9.117168225287e-24 3.079279457391e-21 1.492090921521e-18 1.631517387334e-15 1.350132287935e-11 2.037564168896e-08 9.137612822828e-02 
6.586581938860e-36 4.686561727960e-32 4.572772503258e-29 2.082034275451e-26 6.821700674151e-24 2.309084477490e-21 1.124216699132e-18 1.240529057164e-15 1.047166308800e-11 1.617934695288e-08 8.781306222356e-02 
4.982999341125e-36 3.523129437232e-32 3.426555433804e-29 1.558082029828e-26 5.106556872776e-24 1.732183781419e-21 8.472600808305e-19 9.433254908211e-16 8.120291423957e-12 1.284122310632e-08 8.438040502554e-02 
3.772449552572e-36 2.650243834662e-32 2.569192626630e-29 1.166614227110e-26 3.824431957325e-24 1.299907663087e-21 6.387001843818e-19 7.173945382486e-16 6.295757009036e-12 1.018714361123e-08 8.107376108818e-02 
2.857963870858e-36 1.994918793445e-32 1.927506558175e-29 8.739743381470e-27 2.865559035978e-24 9.758798686631e-22 4.816066746339e-19 5.456307668678e-16 4.880321077168e-12 8.078001906890e-09 7.788886638887e-02 
2.166653747497e-36 1.502608836673e-32 1.446954573677e-29 6.550953179605e-27 2.148106546697e-24 7.329028853758e-22 3.632491843641e-19 4.150365075296e-16 3.782479438034e-12 6.402738155994e-09 7.482158516193e-02 
1.643692514182e-36 1.132523312967e-32 1.086859224711e-29 4.912975905410e-27 1.611041290652e-24 5.506347160885e-22 2.740532714273e-19 3.157350076277e-16 2.931136791223e-12 5.072738917869e-09 7.186790667648e-02 
1.247810775748e-36 8.541379533331e-33 8.168655511191e-30 3.686540443584e-27 1.208821715006e-24 4.138554416466e-22 2.068164053747e-19 2.402207081083e-16 2.271069662785e-12 4.017342900153e-09 6.902394205921e-02 
9.479223846072e-37 6.445961437862e-33 6.143081304170e-30 2.767754020290e-27 9.074503563767e-25 3.111734129323e-22 1.561191056590e-19 1.827896693039e-16 1.759394189452e-12 3.180237044131e-09 6.628592116281e-02 
7.205954618720e-37 4.867717339202e-33 4.622531091069e-30 2.079074109749e-27 6.815360448046e-25 2.340592501001e-22 1.178825670288e-19 1.391068564765e-16 1.362817152432e-12 2.516568682955e-09 6.365018948054e-02 
5.481554891737e-37 3.678240416486e-33 3.480413171570e-30 1.562594533724e-27 5.121066131523e-25 1.761243489196e-22 8.903626335643e-20 1.058773961523e-16 1.055497294015e-12 1.990633150254e-09 6.111320510752e-02 
4.172615034307e-37 2.781192997497e-33 2.622035883817e-30 1.175049939670e-27 3.849796626846e-25 1.325818218557e-22 6.726813586086e-20 8.059681698671e-17 8.173819679693e-13 1.574023464732e-09 5.867153574913e-02 
3.178366556219e-37 2.104250964245e-33 1.976527190507e-30 8.840969043868e-28 2.895484655994e-25 9.984360493018e-23 5.083680725085e-20 6.136129336118e-17 6.329138806890e-13 1.244150765556e-09 5.632185577730e-02 
2.422643807816e-37 1.593083240374e-33 1.490811559136e-30 6.655439666242e-28 2.178768223689e-25 7.521923021439e-23 3.843039044043e-20 4.672347183951e-17 4.900258805010e-13 9.830619979513e-10 5.406094333501e-02 
1.847837935343e-37 1.206849344412e-33 1.125117702571e-30 5.012873750490e-28 1.640239516360e-25 5.669053076360e-23 2.906030680700e-20 3.558292637732e-17 3.793598638346e-13 7.764957438529e-10 5.188567748986e-02 
1.410346191257e-37 9.148300701076e-34 8.496261216841e-31 3.777719474567e-28 1.235407265539e-25 4.274307765328e-23 2.198141491630e-20 2.710292105980e-17 2.936599991477e-13 6.131287075697e-10 4.979303543744e-02 
1.077144408537e-37 6.939045074497e-34 6.419657848727e-31 2.848428600334e-28 9.309359996477e-26 3.224001838475e-23 1.663191639637e-20 2.064715922114e-17 2.273014920834e-13 4.839747294815e-10 4.778008975532e-02 
8.232036656805e-38 5.266596061624e-34 4.853437731143e-31 2.148886242369e-28 7.018372662264e-26 2.432761692135e-23 1.258813122203e-20 1.573171712626e-17 1.759247089485e-13 3.819057417848e-10 4.584400570877e-02 
6.295418955843e-38 3.999727938851e-34 3.671470273811e-31 1.622010702875e-28 5.293709013446e-26 1.836450392185e-23 9.530455029831e-21 1.198851450312e-17 1.361511728178e-13 3.012701484624e-10 4.398203860922e-02 
4.817533828015e-38 3.039485993923e-34 2.778964228749e-31 1.224971384017e-28 3.994761390397e-26 1.386866648717e-23 7.217727406415e-21 9.137550884882e-18 1.053631638399e-13 2.375889905038e-10 4.219153122691e-02 
3.688981864297e-38 2.311203596640e-34 2.104639356649e-31 9.256138245267e-29 3.015982664000e-26 1.047771497823e-23 5.467928262509e-21 6.965802644933e-18 8.153271815415e-14 1.873141767939e-10 4.046991125905e-02 
2.826628276746e-38 1.758505511276e-34 1.594863822116e-31 6.997857492652e-29 2.278107009436e-26 7.919090556515e-24 4.143636330692e-21 5.311181449242e-18 6.308898252249e-14 1.476362071569e-10 3.881468885501e-02 
2.167255590818e-38 1.338800416346e-34 1.209261162216e-31 5.293359970444e-29 1.721578101121e-26 5.987718154232e-24 3.141072199334e-21 4.050339095296e-18 4.881534290267e-14 1.163313373845e-10 3.722345420037e-02 
1.662760283762e-38 1.019890678010e-34 9.174165413821e-32 4.006162172936e-29 1.301627455498e-26 4.529237959846e-24 2.381840147727e-21 3.089395590771e-18 3.776965971832e-14 9.164015841146e-11 3.569387516136e-02 
1.276515395699e-38 7.774208514404e-35 6.964057830009e-32 3.033584271606e-29 9.845868917547e-27 3.427418148341e-24 1.806702413482e-21 2.356889054049e-18 2.922243142374e-14 7.217118138108e-11 3.422369499164e-02 
9.806142592685e-39 5.929562140464e-35 5.289405762390e-32 2.298337012236e-29 7.451243864802e-27 2.594702712117e-24 1.370884442095e-21 1.798414460003e-18 2.260886540448e-14 5.682431644393e-11 3.281073010320e-02 
7.537805280141e-39 4.525348588135e-35 4.019754013329e-32 1.742212497808e-29 5.641711451460e-27 1.965110858334e-24 1.040533681608e-21 1.372546219628e-18 1.749173478959e-14 4.473016962064e-11 3.145286790309e-02 
5.797823911832e-39 3.455759583803e-35 3.056606337209e-32 1.321350257135e-29 4.273663267449e-27 1.488900914748e-24 7.900477599018e-22 1.047736801689e-18 1.353259864397e-14 3.520191036918e-11 3.014806469778e-02 
4.462285567519e-39 2.640560761782e-35 2.325553492005e-32 1.002683424069e-29 3.238896159830e-27 1.128558735028e-24 6.000580533582e-22 7.999574696175e-19 1.046950585956e-14 2.769712399049e-11 2.889434366655e-02 
3.436534980129e-39 2.018873294624e-35 1.770350669495e-32 7.612694458463e-30 2.455845196674e-27 8.557806897795e-25 4.559074584593e-22 6.109033308516e-19 8.099724598940e-15 2.178759093645e-11 2.768979290542e-02 
2.648220169985e-39 1.544476500791e-35 1.348459015202e-32 5.782841182932e-30 1.862996846945e-27 6.492037868330e-25 3.465009206720e-22 4.666275426505e-19 6.266366390072e-15 1.713535614799e-11 2.653256354255e-02 
2.042002002516e-39 1.182257232183e-35 1.027687388926e-32 4.395133224101e-30 1.413937908305e-27 4.926972442689e-25 2.634371952253e-22 3.565019265525e-19 4.848027954828e-15 1.347378717312e-11 2.542086792590e-02 
1.575526959652e-39 9.055244366651e-36 7.836614111882e-33 3.342183859054e-30 1.073632247216e-27 3.740761438901e-25 2.003528452834e-22 2.724258731615e-19 3.750770930003e-15 1.059258717019e-11 2.435297788360e-02 
1.216359535532e-39 6.939768416189e-36 5.979149118988e-33 2.542820710734e-30 8.156195722713e-28 2.841325107768e-25 1.524264537535e-22 2.082241383535e-19 2.901912524262e-15 8.325941750530e-12 2.332722305675e-02 
9.396440990887e-40 5.321639798059e-36 4.564499049550e-33 1.935654480335e-30 6.199069317521e-28 2.159052047303e-25 1.160038108948e-22 1.591883607555e-19 2.245218730743e-15 6.543147972480e-12 2.234198930421e-02 
7.263216233651e-40 4.083200936897e-36 3.486494555562e-33 1.474233265198e-30 4.713808943921e-28 1.641295480672e-25 8.831447542591e-23 1.217279467248e-19 1.737183662918e-15 5.141208475890e-12 2.139571717824e-02 
5.617687424612e-40 3.134800400853e-36 2.664564961434e-33 1.123389650119e-30 3.586112793601e-28 1.248222800067e-25 6.725737008704e-23 9.310419224193e-20 1.344149866301e-15 4.038980786949e-12 2.048690046924e-02 
4.347584609913e-40 2.408085948694e-36 2.037531810908e-33 8.564855397105e-31 2.729494632787e-28 9.496844016494e-26 5.123854909489e-23 7.122776346809e-20 1.040079713722e-15 3.172556852894e-12 1.961408481728e-02 
3.366659954788e-40 1.850913427724e-36 1.558915431148e-33 6.533330252585e-31 2.078484105296e-28 7.228505567716e-26 3.904840528863e-23 5.450441209219e-20 8.048308139381e-16 2.491615376606e-12 1.877586638772e-02 
2.608615493227e-40 1.423479918472e-36 1.193383674960e-33 4.986245954290e-31 1.583496679053e-28 5.504272240872e-26 2.976870071248e-23 4.171741729497e-20 6.228215442371e-16 1.956543094852e-12 1.797089060715e-02 
2.022457299788e-40 1.095384983793e-36 9.140633787839e-34 3.807472994112e-31 1.206961464196e-28 4.193084340014e-26 2.270215569992e-23 3.193799623336e-20 4.819985238564e-16 1.536163637231e-12 1.719785095585e-02 
1.568938794903e-40 8.433959364655e-37 7.005038168025e-34 2.908864895231e-31 9.203971201613e-29 3.195580159787e-26 1.731910633426e-23 2.445701689137e-20 3.730377572222e-16 1.205946291609e-12 1.645548781206e-02 
1.217836169006e-40 6.497474617314e-37 5.371331756686e-34 2.223480790693e-31 7.022026905858e-29 2.436398741382e-26 1.321708018638e-23 1.873293866156e-20 2.887265978931e-16 9.465936977963e-13 1.574258734308e-02 
9.458599569239e-41 5.008470597050e-37 4.120880452033e-34 1.700457755904e-31 5.359877943874e-29 1.858359109972e-26 1.009015226703e-23 1.435211698361e-20 2.234856265786e-16 7.429286364767e-13 1.505798043755e-02 
7.350532469876e-41 3.862888730918e-37 3.163252874836e-34 1.301129318126e-31 4.093099060139e-29 1.418056771107e-26 7.705707675234e-24 1.099852989760e-20 1.729987835027e-16 5.830168217936e-13 1.440054167333e-02 
5.715623800089e-41 2.981019972324e-37 2.429477891065e-34 9.960857756170e-32 3.127190357084e-29 1.082531050548e-26 5.886815165312e-24 8.430685746477e-21 1.339272542474e-16 4.574758549872e-13 1.376918831464e-02 
4.446929422972e-41 2.301771847827e-37 1.866923057344e-34 7.629466628787e-32 2.390346399802e-29 8.267418561233e-27 4.498852560562e-24 6.464005157552e-21 1.036881498950e-16 3.589309773904e-13 1.316287933254e-02 
3.461844022787e-41 1.778293529295e-37 1.435402168693e-34 5.846719783457e-32 1.827980550652e-29 6.316585033498e-27 3.439355137096e-24 4.957376901258e-21 8.028331165975e-17 2.815865488599e-13 1.258061444213e-02 
2.696524133413e-41 1.374635303765e-37 1.104215315432e-34 4.482812123095e-32 1.398576544846e-29 4.828115520980e-27 2.630307837204e-24 3.802896728814e-21 6.216688991836e-17 2.208887287533e-13 1.202143315063e-02 
2.101597691382e-41 1.063196394927e-37 8.498968157361e-35 3.438812046619e-32 1.070544140745e-29 3.691950394479e-27 2.012291109350e-24 2.918033997113e-21 4.814291658236e-17 1.732600128291e-13 1.148441381011e-02 
1.638861352942e-41 8.227739642983e-38 6.545007974568e-35 2.639280007045e-32 8.198347160574e-30 2.824339904570e-27 1.540033155662e-24 2.239650424970e-21 3.728607767900e-17 1.358903679562e-13 1.096867266921e-02 
1.278736650535e-41 6.370708239931e-38 5.042953614882e-35 2.026660957786e-32 6.281323036127e-30 2.161528459851e-27 1.179029606937e-24 1.719432098239e-21 2.888043115435e-17 1.065729347043e-13 1.047336291865e-02 
9.983094695218e-42 4.935533569452e-38 3.887674123395e-35 1.557022228028e-32 4.814805574682e-30 1.654961228243e-27 9.029736074836e-25 1.320400055572e-21 2.237200495477e-17 8.357481590144e-14 9.997673725602e-03 
7.798181914190e-42 3.825769597153e-38 2.998638348363e-35 1.196812374278e-32 3.692401149491e-30 1.267644646886e-27 6.918013755242e-25 1.014244206338e-21 1.733213110681e-17 6.553547973199e-14 9.540829252878e-03 
6.094871387682e-42 2.967159621290e-38 2.314125733808e-35 9.203951899578e-33 2.832964845048e-30 9.713819376502e-28 5.302053452212e-25 7.792858673166e-22 1.342908373434e-17 5.138689178258e-14 9.102087659402e-03 
4.766259277378e-42 2.302499248531e-38 1.786807240745e-35 7.081725375176e-33 2.174579846448e-30 7.446724044668e-28 4.065026496550e-25 5.989203541098e-22 1.040613989100e-17 4.029074093251e-14 8.680740079233e-03 
3.729337101464e-42 1.787695982828e-38 1.380370315045e-35 5.451546853307e-33 1.669979236899e-30 5.711144807945e-28 3.117737351233e-25 4.604262519782e-22 8.064608247719e-18 3.158910973959e-14 8.276109577266e-03 
2.919613813963e-42 1.388744988563e-38 1.066939853972e-35 4.198709192806e-33 1.283063026576e-30 4.381912322587e-28 2.392063975246e-25 3.540548272278e-22 6.250700306630e-18 2.476571680848e-14 7.887550080542e-03 
2.286956484626e-42 1.079406709080e-38 8.251063815878e-36 3.235390233060e-33 9.862471813588e-31 3.363463428917e-28 1.835960840033e-25 2.723335108036e-22 4.845373769908e-18 1.941547065130e-14 7.514445284982e-03 
1.792371595166e-42 8.394224595481e-39 6.384176673261e-36 2.494317971369e-33 7.584449764804e-31 2.582808198161e-28 1.409651054442e-25 2.095330034861e-22 3.756474887643e-18 1.522055659133e-14 7.156207538242e-03 
1.405512802295e-42 6.531426101272e-39 4.942242497456e-36 1.923936233305e-33 5.835291416150e-31 1.984174746485e-28 1.082723648545e-25 1.612594698277e-22 2.912659124578e-18 1.193165782609e-14 6.812276700217e-03 
1.102750097758e-42 5.084713751504e-39 3.827953615380e-36 1.484713581544e-33 4.491597459842e-31 1.524929903173e-28 8.319201015136e-26 1.241423841077e-22 2.258687443853e-18 9.353210562845e-15 6.482118983549e-03 
8.656730530099e-43 3.960546889796e-39 2.966415644175e-36 1.146323702607e-33 3.458904309708e-31 1.172470493192e-28 6.394458783456e-26 9.559553558276e-23 1.751786735675e-18 7.331828296505e-15 6.165225777264e-03 
6.799299003018e-43 3.086548247931e-39 2.299954883766e-36 8.854904423502e-34 2.664865769811e-31 9.018533211813e-29 4.916820091266e-26 7.363400246423e-23 1.358833476462e-18 5.747215326984e-15 5.861112457344e-03 
5.343265872643e-43 2.406685515206e-39 1.784135627402e-36 6.843400000771e-34 2.054049112594e-31 6.939875845109e-29 3.782015926539e-26 5.673395341506e-23 1.054174273736e-18 4.505035162985e-15 5.569317188668e-03 
4.201271934080e-43 1.877556808067e-39 1.384703868459e-36 5.291403007939e-34 1.583961496170e-31 5.342556802887e-29 2.910188011595e-26 4.372522860158e-23 8.179391569700e-19 3.531313929215e-15 5.289399723261e-03 
3.305103994052e-43 1.465525576062e-39 1.075240692541e-36 4.093360957025e-34 1.222014449600e-31 4.114604465864e-29 2.240152244436e-26 3.370901572094e-23 6.347361167524e-19 2.768048901401e-15 5.020940200234e-03 
2.601469633978e-43 1.144509495322e-39 8.353596237209e-37 3.168100527032e-34 9.432039114461e-32 3.170212463850e-29 1.725015250857e-26 2.599474256554e-23 4.926406413169e-19 2.169763051273e-15 4.763537953078e-03 
2.048710817303e-43 8.942731466335e-40 6.493211144146e-37 2.453166293880e-34 7.283363373072e-32 2.443598230847e-29 1.328823721019e-26 2.005168827264e-23 3.824135265498e-19 1.700802097700e-15 4.516810330190e-03 
1.614246315309e-43 6.991089835985e-40 5.049670979831e-37 1.900481132674e-34 5.626717254866e-32 1.884309379403e-29 1.024002305985e-26 1.547187094597e-23 2.968953393118e-19 1.333214263092e-15 4.280391534592e-03 
1.272580225002e-43 5.468177359530e-40 3.929012441317e-37 1.473018108551e-34 4.348851001687e-32 1.453635106276e-29 7.893938086465e-27 1.194157653939e-23 2.305375966270e-19 1.045087270787e-15 4.053931488758e-03 
1.003750429184e-43 4.279198509925e-40 3.058579308362e-37 1.142246848585e-34 3.362713547216e-32 1.121861344462e-29 6.087595595599e-27 9.219511327079e-24 1.790397602095e-19 8.192440920322e-16 3.837094730345e-03 
7.921191493731e-44 3.350452951563e-40 2.382162382899e-37 8.861732115857e-35 2.601361512731e-32 8.661704202302e-30 4.696315198202e-27 7.120032674557e-24 1.390681364064e-19 6.422201359367e-16 3.629559344341e-03 
6.254296516495e-44 2.624611224546e-40 1.856254445465e-37 6.878336804543e-35 2.013291304467e-32 6.690332232857e-30 3.624333077690e-27 5.500274326443e-24 1.080381795553e-19 5.034612117927e-16 3.431015936858e-03 
4.940701365376e-44 2.057055119327e-40 1.447162944066e-37 5.341384380238e-35 1.558860201077e-32 5.169778954791e-30 2.798069110523e-27 4.250259136827e-24 8.394588051471e-20 3.946946551672e-16 3.241166655300e-03 
3.904989972002e-44 1.613041303512e-40 1.128782835680e-37 4.149819448926e-35 1.207541137873e-32 3.996464794252e-30 2.160967709615e-27 3.285304024024e-24 6.523715902184e-20 3.094362633749e-16 3.059724259191e-03 
3.087958299587e-44 1.265501850525e-40 8.808777725629e-38 3.225588380168e-35 9.358160311633e-33 3.090718875292e-30 1.669543160680e-27 2.540184173372e-24 5.070668300111e-20 2.426037348509e-16 2.886411245345e-03 
2.443104950586e-44 9.933377620549e-41 6.877529341252e-38 2.508374990794e-35 7.255583897644e-33 2.391235086186e-30 1.290347172580e-27 1.964647788438e-24 3.941947584490e-20 1.902136239477e-16 2.720959030457e-03 
1.933886692993e-44 7.800942929964e-41 5.372297484617e-38 1.951547588728e-35 5.627910159035e-33 1.850819457463e-30 9.976427628746e-28 1.519967909889e-24 3.065017228949e-20 1.491437798055e-16 2.563107193526e-03 
1.531571042101e-44 6.129321210248e-41 4.198534351554e-38 1.519037139366e-35 4.367313801817e-33 1.433126741204e-30 7.716193236479e-28 1.176290794590e-24 2.383594402785e-20 1.169471274763e-16 2.412602779861e-03 
1.213555121478e-44 4.818278749596e-41 3.282801934079e-38 1.182931490649e-35 3.390577265226e-33 1.110155070409e-30 5.970224744778e-28 9.105962862573e-25 1.854001437753e-20 9.170570097512e-17 2.269199667716e-03 
9.620488652282e-45 3.789525701135e-41 2.568030744615e-38 9.216205303267e-36 2.633446172709e-33 8.603218138722e-31 4.621019402603e-28 7.051285004141e-25 1.442337651603e-20 7.191623170180e-17 2.132657997931e-03 
7.630430600452e-45 2.981881124969e-41 2.009849704437e-38 7.183654301215e-36 2.046286046757e-33 6.669851962251e-31 3.578033502084e-28 5.461880420293e-25 1.122286792598e-20 5.640047328837e-17 2.002743666272e-03 
6.055001907508e-45 2.347510099167e-41 1.573743786726e-38 5.601944914550e-36 1.590738812256e-33 5.173079498329e-31 2.771471872851e-28 4.232022099803e-25 8.734170280015e-21 4.423491654065e-17 1.879227877531e-03 
4.807196556540e-45 1.848993692944e-41 1.232851634893e-38 4.370506359138e-36 1.237147800591e-33 4.013835115538e-31 2.147513808931e-28 3.280090069421e-25 6.798626522058e-21 3.469570300568e-17 1.761886759854e-03 
3.818395180876e-45 1.457046300365e-41 9.662582208136e-39 3.411328784475e-36 9.625737347673e-34 3.115638317075e-31 1.664641887496e-28 2.543056363340e-25 5.293016628631e-21 2.721545129802e-17 1.650501037176e-03 
3.034452250596e-45 1.148736406307e-41 7.576706204539e-39 2.663874046430e-36 7.492653836567e-34 2.419420669935e-31 1.290817886345e-28 1.972235788938e-25 4.121626913254e-21 2.134942039780e-17 1.544855757173e-03 
2.412621710631e-45 9.060990554076e-42 5.943904349003e-39 2.081140805749e-36 5.834801692953e-34 1.879543077134e-31 1.001309563154e-28 1.530011043753e-25 3.210097497283e-21 1.674899086635e-17 1.444740071668e-03 
1.919140170570e-45 7.150532458742e-42 4.665160148843e-39 1.626620707993e-36 4.545742477024e-34 1.460728245394e-31 7.770176963831e-29 1.187308050434e-25 2.500648563540e-21 1.314088139613e-17 1.349947066061e-03 
1.527326041464e-45 5.645568148233e-42 3.663227953254e-39 1.271942756007e-36 3.543001833648e-34 1.135697085994e-31 6.031877707325e-29 9.216490951374e-26 1.948375857956e-21 1.031086027850e-17 1.260273634044e-03 
1.216083716983e-45 4.459463876179e-42 2.877817420604e-39 9.950494299434e-37 2.762646176048e-34 8.833467731000e-32 4.684175155807e-29 7.156511032880e-26 1.518375509825e-21 8.090979594334e-18 1.175520393581e-03 
9.687258969187e-46 3.524216096267e-42 2.261849472782e-39 7.787838656758e-37 2.155092995724e-34 6.873457612940e-32 3.638920823106e-29 5.558669434756e-26 1.183512170414e-21 6.349570178548e-18 1.095491640014e-03 
7.720459226390e-46 2.786419218421e-42 1.778543922299e-39 6.097949426715e-37 1.681872772261e-34 5.350499012623e-32 2.827944366045e-29 4.318911473193e-26 9.226862580574e-22 4.983400203628e-18 1.019995331970e-03 
6.155866836084e-46 2.204111671737e-42 1.399152943778e-39 4.776883546704e-37 1.313125253844e-34 4.166659313150e-32 2.198506626458e-29 3.356695063898e-26 7.194884825988e-22 3.911529389095e-18 9.488431057642e-04 
4.910641550594e-46 1.744307749157e-42 1.101196324533e-39 3.743680978862e-37 1.025662715668e-34 3.246056254700e-32 1.709791836448e-29 2.609659124562e-26 5.611549224290e-22 3.070492075138e-18 8.818503139599e-04 
3.919126360649e-46 1.381065174804e-42 8.670867520873e-40 2.935254311283e-37 8.014711499697e-35 2.529869428163e-32 1.330200527241e-29 2.029505086035e-26 4.377553843170e-22 2.410521735909e-18 8.188360838444e-04 
3.129258181120e-46 1.093971375958e-42 6.830584256917e-40 2.302421004729e-37 6.265498601193e-35 1.972485643659e-32 1.035259621550e-29 1.578814566093e-26 3.415628605978e-22 1.892591684951e-18 7.596233916794e-04 
2.499733509570e-46 8.669571623239e-43 5.383316694621e-40 1.806821392840e-37 4.900126641464e-35 1.538519249853e-32 8.060084213216e-30 1.228589692094e-26 2.665635942652e-22 1.486095452411e-18 7.040391487694e-04 
1.997769162575e-46 6.873665473636e-43 4.244612541795e-40 1.418523612961e-37 3.833914279284e-35 1.200507877078e-32 6.277516776787e-30 9.563514160057e-27 2.080763324936e-22 1.167028499760e-18 6.519142955903e-04 
1.597332289974e-46 5.452270559428e-43 3.348277895946e-40 1.114161517040e-37 3.000961485357e-35 9.371297871940e-33 4.890959108038e-30 7.446688068266e-27 1.624563836599e-22 9.165628625717e-19 6.030839004605e-04 
1.277740642959e-46 4.326770317110e-43 2.642405912675e-40 8.754863025764e-38 2.349962186872e-35 7.318242037560e-33 3.812043705666e-30 5.800213139507e-27 1.268655496000e-22 7.199297626039e-19 5.573872595117e-04 
